#############################################################################
##
#W  ctbmaxi3.tbl                GAP table library               Thomas Breuer
##
##  This file contains Brauer character tables for which the ordinary
##  tables are stored in the file `ctomaxi3.tbl'.
##

MBT("2.2^11:M24",5,
"computed by Klaus Lux",
[1,1,1,1,2,2,2,2,5,5,16,16,16,16,23,23,25,25,25,25,38,38,38,38,39,39,39,39,51,
51,51,51,52,52,61,61,61,61,62,62,3,4,6,7,8,9,10,11,12,13,14,15,17,18,19,20,21,
22,24,26,27,28,29,30,31,32,33,34,35,36,37,40,41,42,43,44,45,46,47,48,49,50,53,
54,55,56,57,58,59,60,63,64,65,66,67,68,69,70,71,72,73],
[1,1,0,0,1,0,0,0,0,0,0,0,0,0,0,1,0,0,0,0,0,0,1,0,1,0,0,0,0,0,0,0,0,0,0,0,0,1,1
,0,0,0,0,0,0,0,0,0,0,0,1,1,0,0,0,0,0,0,0,0,1,1,0,0,0,0,0,0,0,0,0,0,0],
[],
[[[1,3],[2,4],[3,5],[4,5]],[[1,4],[2,3],[3,5],[4,5]],,,[[1,2,4],[3,4]],,,,,,,,
,,,2,,,,,,,5,,2,,,,,,,,,,,,,1,1,,,,,,,,,,,,[[1,5],[2,5],[3,5],[4,5]],[[1,4],[2
..4]],,,,,,,,,[[1,4],[2,5],[3,4],[3,5]],52],
[],
0,
[(98,100)(99,101),(78,79),(62,66)(63,67)(64,68)(65,69)(86,90)(87,91)(88,92)
(89,93)(94,96)(95,97)],
0);

LIBTABLE.LOADSTATUS.ctbmaxi3:="userloaded";

#############################################################################
##
#E

