#############################################################################
##
#W  ctborth3.tbl                GAP table library               Thomas Breuer
##
##  This file contains the Brauer character tables related to the
##  orthogonal groups $O_8^-(2)$, $O_8^-(3)$, $O_{10}^+(2)$, $O_{10}^-(2)$
##  of the ATLAS (see file 'ctoorth3.tbl'), modulo all prime divisors of
##  the group order.
##
#H  ctbllib history
#H  ---------------
#H  $Log: ctborth3.tbl,v $
#H  Revision 4.4  2011/09/28 12:12:37  gap
#H  removed Revision entries and SET_TABLEFILENAME calls
#H      TB
#H
#H  Revision 4.3  2001/05/04 16:46:11  gap
#H  first revision for ctbllib
#H
#H
#H  tbl history (GAP 4)
#H  -------------------
#H  (Rev. 4.3 of ctbllib coincides with Rev. 4.2 of tbl in GAP 4)
#H  
#H  RCS file: /gap/CVS/GAP/4.0/tbl/ctborth3.tbl,v
#H  Working file: ctborth3.tbl
#H  head: 4.2
#H  branch:
#H  locks: strict
#H  access list:
#H  symbolic names:
#H  	GAP4R2: 4.2.0.8
#H  	GAP4R2PRE2: 4.2.0.6
#H  	GAP4R2PRE1: 4.2.0.4
#H  	GAP4R1: 4.2.0.2
#H  keyword substitution: kv
#H  total revisions: 3;	selected revisions: 3
#H  description:
#H  ----------------------------
#H  revision 4.2
#H  date: 1999/07/14 11:39:37;  author: gap;  state: Exp;  lines: +4 -3
#H  cosmetic changes for the release ...
#H  
#H      TB
#H  ----------------------------
#H  revision 4.1
#H  date: 1997/07/17 15:35:47;  author: fceller;  state: Exp;  lines: +2 -2
#H  for version 4
#H  ----------------------------
#H  revision 1.1
#H  date: 1996/10/21 15:58:40;  author: sam;  state: Exp;
#H  first proposal of the table library
#H  ==========================================================================
##

TEXT1:= "origin: modular ATLAS of finite groups, tests: DEC, TENS";

MBT("2.O8-(3)",3,
[
"origin: computed from weight multiplicities by Frank Luebeck."
],
[3,3,3,3,3,3,3,3,3,3,3,3,3,3,3,3,3,3,3,3,3,3,3,3,3,3,3,3,3,3,3,3,3,3,3,3],
[12],
[[113,115,116,117,118,119,120,127,128,129,130,131,132,135,136,157,158,159,160,
161,162,163,165,166,167,171,172,173,174,175,176,177,178,179,185,187]],
[],
[[[0,-4,3,0,1,0,2,0,-1,2,2,-3,2,0,1,1,1,0,0,0,0,0,0,1,0,0,-1,-1,0,0,0,0,0,0,-1
,0],[0,0,-1,1,0,0,0,0,0,-1,0,0,0,0,0,0,0,0,0,0,0,1,0,0,0,0,0,0,-1,0,0,-1,0,0,0
,1],[-1,-8,7,1,2,0,5,0,-1,4,4,-6,3,0,3,2,3,0,0,0,1,0,1,2,0,-1,-2,-2,0,1,0,1,-1
,0,-3,-1],[-2,0,-1,1,1,-2,-1,-4,-4,-3,-2,-1,2,-1,-3,-3,-3,-1,-2,-1,-1,1,0,0,1,
2,2,1,-1,0,1,-1,1,1,1,3],[2,1,0,0,0,1,-1,2,1,1,0,1,-1,1,1,2,2,1,1,1,0,0,-1,0,0
,0,-1,-1,0,-1,-1,0,0,-1,0,-1],[2,5,-4,1,-1,1,-3,2,3,-3,-2,4,-3,0,1,1,1,1,1,1,1
,1,-1,-1,-1,-1,0,0,-1,0,-1,-1,0,-1,1,0],[0,-8,8,3,0,4,6,4,4,6,6,-4,0,2,7,6,8,1
,2,1,3,0,1,2,-1,-3,-5,-3,-1,1,-1,2,-3,-2,-5,-3],[-2,-4,4,0,2,-2,2,-2,-3,1,1,-3
,2,-1,0,-1,0,-1,-1,-1,0,0,1,1,1,0,0,0,1,1,1,1,0,1,-1,-1],[-2,2,-2,1,1,-2,-2,-3
,-3,-3,-2,1,0,0,-3,-3,-3,0,-1,-1,0,0,1,1,1,1,1,1,0,0,1,0,0,1,1,1],[-3,2,-2,-1,
2,-5,-3,-8,-8,-6,-6,-1,5,-3,-6,-6,-7,-2,-4,-1,-2,1,-1,-1,2,4,5,2,0,0,1,-2,3,2,
3,5],[3,5,-3,-2,-2,2,-2,4,4,1,-1,4,-3,1,1,2,1,1,2,1,0,-1,-1,-2,-1,-1,0,0,1,-1,
-1,0,0,-1,1,-2],[3,8,-6,-1,-3,2,-4,3,5,-2,-2,7,-5,1,0,1,0,1,2,1,0,-1,-1,-2,-1,
-1,0,1,0,-1,-1,0,0,-1,2,-1],[2,9,-6,-6,-3,-1,-5,1,1,-1,-5,7,-3,-1,-4,-3,-5,-1,
0,0,-2,-3,-1,-3,0,1,3,3,4,-1,0,1,2,1,4,-2],[4,13,-10,-2,-6,5,-5,7,11,-1,-1,12,
-10,3,1,2,1,2,4,1,1,-2,0,-3,-2,-3,-1,2,1,-1,-1,1,-2,-2,2,-4],[1,2,-2,2,-1,3,0,
4,4,1,1,3,-4,1,3,2,4,1,2,0,0,1,-1,-1,0,-1,-1,0,-1,0,-1,0,-1,-1,-1,-2],[0,2,-2,
0,2,-3,-4,-3,-3,-4,-4,1,1,-1,-3,-2,-3,0,-2,1,1,0,0,1,0,1,1,0,1,0,0,0,1,0,2,1],
[2,3,-2,-1,-4,3,0,6,7,4,3,4,-6,2,2,2,2,0,3,0,0,-2,1,-1,-1,-2,-2,1,1,0,0,2,-2,0
,-1,-4],[-1,18,-17,-5,-2,-5,-12,-6,-4,-11,-11,11,-4,-2,-13,-12,-14,-2,-3,-2,-5
,-1,-1,-4,2,5,9,7,2,-2,2,-2,4,3,9,4],[3,-3,4,-1,-3,6,5,11,11,10,8,1,-7,3,8,7,8
,2,4,1,3,-3,2,1,-3,-6,-6,-2,3,1,-1,5,-4,-2,-4,-9],[0,6,-5,-5,-1,-4,-5,-3,-2,-3
,-4,3,0,-2,-6,-5,-8,-2,-2,-1,-2,-2,0,-2,0,2,4,3,3,0,2,0,2,2,4,1],[2,-4,3,-1,-1
,4,4,4,3,5,3,-3,1,0,3,4,4,0,1,1,0,1,-1,-1,-1,-1,-1,-2,-1,-1,-1,-1,0,-2,-1,0],[
2,2,-3,0,-2,4,2,3,5,1,2,1,-2,1,1,2,1,2,2,1,0,0,-1,0,-1,-1,-1,-1,-2,-1,-2,-1,0,
-1,0,1],[2,-6,4,2,-3,8,7,10,11,9,10,-2,-4,4,9,8,10,2,5,1,2,0,1,1,-3,-5,-6,-3,-
2,0,-1,1,-4,-3,-5,-4],[-2,1,-3,-4,1,-5,-2,-6,-7,-3,-4,-2,5,-3,-7,-6,-9,-2,-4,-
1,-4,0,-1,-1,1,4,5,2,1,-1,1,-2,4,3,4,5],[2,12,-8,-5,-6,3,-4,4,7,-1,-5,10,-7,0,
-2,-1,-2,0,1,1,0,-3,0,-4,-2,-1,2,3,3,0,-1,2,0,-1,3,-3],[2,11,-7,-6,-6,4,-3,3,7
,1,-2,9,-6,1,-2,-1,-2,1,2,0,-2,-4,-1,-4,-1,0,2,3,3,-1,-1,2,0,-1,3,-3],[6,-20,
20,3,-3,15,17,22,20,25,23,-8,-7,8,23,20,27,4,11,2,6,-2,3,4,-5,-11,-16,-8,0,2,-
3,7,-10,-6,-14,-16],[-4,-3,3,-3,1,-6,0,-7,-7,-1,-1,-4,6,-1,-5,-5,-7,-2,-3,-1,-
1,-3,2,2,1,2,2,1,2,0,2,1,1,3,1,3],[-3,-6,6,-1,-2,1,5,1,1,5,5,-4,2,0,3,1,2,-2,0
,-2,-1,0,1,-2,0,-1,0,1,0,1,2,1,-1,1,-3,-1],[-4,25,-25,-6,1,-17,-21,-21,-19,-26
,-24,12,3,-8,-26,-23,-30,-4,-11,-3,-8,1,-2,-4,4,12,17,10,2,-1,4,-6,10,7,16,14]
,[3,29,-25,-6,-7,0,-16,0,3,-13,-15,21,-11,-1,-11,-8,-12,1,0,0,-4,-2,-3,-7,0,3,
8,7,2,-3,-1,-2,4,1,11,2],[7,5,-1,-4,-6,10,2,15,17,9,6,8,-11,5,9,10,11,4,8,3,3,
-4,0,-2,-4,-7,-6,-2,3,-1,-3,4,-4,-5,-2,-11],[-3,-33,32,5,8,-1,17,0,-5,16,15,-
23,13,1,15,13,16,1,0,1,6,0,3,8,0,-4,-11,-10,1,4,0,5,-5,-2,-13,-6],[-8,9,-10,5,
4,-12,-12,-19,-18,-21,-16,3,6,-5,-14,-15,-14,-4,-7,-3,-3,5,-1,-1,5,9,10,6,-5,1
,3,-6,5,5,6,13],[1,4,-3,3,0,5,0,3,4,-2,0,4,-3,4,4,4,6,4,4,1,1,1,-1,0,0,-3,-2,-
1,-3,-3,-3,-1,-1,-2,0,-1],[0,2,-1,1,2,1,0,0,-2,-2,-3,2,0,1,2,2,2,3,1,1,1,1,-1,
0,0,-2,0,-2,0,-2,-1,-1,1,-2,1,0]]],
[["O8-(3)",0]],
[(6,7)(10,11)(19,20)(24,25)(34,36)(35,37)(38,39)(42,43)(44,45)(46,47)(48,49)(
50,52)(51,53)(54,56)(55,57)(58,60)(59,61)(62,64)(63,65)(66,68)(67,69)(70,72)(
71,73)(74,79)(75,78)(76,80)(77,81)],
0,
rec(ClassInfo:=[rec(repr:=[0,0,0,0]),rec(repr:=[1/2,1/2,0,0]),rec(repr:=[1/4,1
/4,0,0]),rec(repr:=[1/4,1/4,0,1/2]),rec(repr:=[0,0,0,1/2]),rec(repr:=[3/8,1/8,
0,1/2]),rec(repr:=[1/8,3/8,0,1/2]),rec(repr:=[1/4,1/4,1/2,3/4]),rec(repr:=[0,0
,0,1/4]),rec(repr:=[1/8,5/8,1/2,1/4]),rec(repr:=[1/8,3/8,0,1/4]),rec(repr:=[1/
8,1/8,0,1/2]),rec(repr:=[1/8,1/8,1/4,1/2]),rec(repr:=[0,0,1/4,1/2]),rec(repr:=
[1/5,1/5,2/5,3/5]),rec(repr:=[1/10,1/10,1/5,2/5]),rec(repr:=[0,0,1/7,3/7]),
rec(repr:=[1/14,1/14,2/7,4/7]),rec(repr:=[1/4,1/8,0,1/2]),rec(repr:=[1/8,1/4,0
,1/2]),rec(repr:=[0,0,1/8,1/2]),rec(repr:=[0,0,1/8,3/8]),rec(repr:=[1/8,1/8,3/
8,5/8]),rec(repr:=[3/10,1/10,0,1/2]),rec(repr:=[1/10,3/10,0,1/2]),rec(repr:=[1
/20,1/20,3/5,1/5]),rec(repr:=[1/20,1/20,1/5,1/2]),rec(repr:=[0,0,1/13,4/13]),
rec(repr:=[5/26,5/26,6/13,9/13]),rec(repr:=[0,0,2/13,7/13]),rec(repr:=[1/26,1/
26,7/13,2/13]),rec(repr:=[5/28,5/28,3/7,9/14]),rec(repr:=[1/28,1/28,1/7,5/14])
,rec(repr:=[3/20,2/5,7/20,3/5]),rec(repr:=[3/20,11/20,9/20,1/5]),rec(repr:=[1/
20,13/20,9/20,1/5]),rec(repr:=[1/20,3/10,3/20,2/5]),rec(repr:=[3/40,23/40,7/20
,1/10]),rec(repr:=[1/40,11/40,1/5,1/2]),rec(repr:=[7/40,7/40,9/20,7/10]),rec(
repr:=[1/40,1/40,7/20,1/10]),rec(repr:=[1/52,1/4,5/26,1/2]),rec(repr:=[3/52,29
/52,4/13,1/13]),rec(repr:=[5/52,1/4,11/13,5/13]),rec(repr:=[1/4,5/52,11/13,5/
13]),rec(repr:=[3/56,1/56,5/28,1/2]),rec(repr:=[1/56,3/56,5/28,1/2]),rec(
repr:=[5/56,15/56,6/7,11/28]),rec(repr:=[15/56,5/56,6/7,11/28]),rec(repr:=[1/
40,3/20,3/40,3/8]),rec(repr:=[1/20,3/20,13/40,5/8]),rec(repr:=[3/40,9/20,9/40,
1/10]),rec(repr:=[3/20,1/20,13/40,5/8]),rec(repr:=[8/41,7/41,18/41,27/41]),
rec(repr:=[1/82,3/82,5/41,14/41]),rec(repr:=[7/41,8/41,18/41,27/41]),rec(
repr:=[3/82,1/82,5/41,14/41]),rec(repr:=[1/41,6/41,3/41,15/41]),rec(repr:=[5/
82,13/82,14/41,26/41]),rec(repr:=[3/41,18/41,9/41,4/41]),rec(repr:=[13/82,5/82
,14/41,26/41]),rec(repr:=[4/41,11/41,35/41,16/41]),rec(repr:=[21/82,7/82,35/41
,16/41]),rec(repr:=[11/41,4/41,35/41,16/41]),rec(repr:=[7/82,21/82,35/41,16/41
]),rec(repr:=[1/41,3/41,10/41,23/41]),rec(repr:=[1/82,13/82,5/41,18/41]),rec(
repr:=[3/41,1/41,10/41,23/41]),rec(repr:=[3/82,39/82,8/41,2/41]),rec(repr:=[2/
41,12/41,6/41,17/41]),rec(repr:=[5/82,53/82,18/41,8/41]),rec(repr:=[6/41,23/41
,18/41,8/41]),rec(repr:=[11/82,31/82,13/41,24/41]),rec(repr:=[5/104,31/104,2/
13,11/26]),rec(repr:=[7/104,67/104,23/52,5/26]),rec(repr:=[17/104,1/8,21/52,17
/26]),rec(repr:=[3/104,3/8,2/13,1/26]),rec(repr:=[1/8,3/8,4/13,15/26]),rec(
repr:=[15/104,59/104,23/52,5/26]),rec(repr:=[1/8,17/104,21/52,17/26]),rec(
repr:=[1/104,1/8,5/52,9/26])],
RootDatumInfo:=[[[2,0,-1,0],[0,2,-1,0],[-1,-1,2,-1],[0,0,-1,2]],[[1,0,0,0],[0,
1,0,0],[0,0,1,0],[0,0,0,1]],[[0,1,0,0],[1,0,0,0],[0,0,1,0],[0,0,0,1]]],
version:=1,
date:="23.07.2018"));

MBT("O10+(2).2",17,
"origin: modular ATLAS of finite groups",
[1,2,3,3,1,2,4,5,2,1,6,7,8,9,10,11,12,13,1,2,14,15,3,3,2,1,16,17,18,19,20,21,
22,23,24,25,26,27,28,29,30,31,32,33,34,35,36,37,38,39,40,41,42,43,44,45,46,47,
48,49,50,51,1,2,52,53,54,55,56,57,58,59,60,61,62,63,64,65,3,3,66,67,68,69,70,
71,72,73,74,75,76,77,78,79,80,81,82,83,84,85,86,87,88,89,90,91,2,1,3,3,92,93,
94,95,96,97,98,99,100,101,102,103,2,1,104,105,106,107,108,109,110,111,112,113,
114,115,116,117,118,119,120,121,122,123,124,125,126,127,128],
[1,1,1,0,0,0,0,0,0,0,0,0,0,0,0,0,0,0,0,0,0,0,0,0,0,0,0,0,0,0,0,0,0,0,0,0,0,0,
0,0,0,0,0,0,0,0,0,0,0,0,0,0,0,0,0,0,0,0,0,0,0,0,0,0,0,0,0,0,0,0,0,0,0,0,0,0,0,
0,0,0,0,0,0,0,0,0,0,0,0,0,0,0,0,0,0,0,0,0,0,0,0,0,0,0,0,0,0,0,0,0,0,0,0,0,0,0,
0,0,0,0,0,0,0,0,0,0,0,0],
[],
[[[1,2],[2,4],[3,5],[4,6],[5,7,8],[6,9],[7,8,10],[9,10]],1,[[1,3],[2,4],[3,
5],[4,6],[5,9],[6,10],[7,8,9],[7,8,10]]],
[],
0,
[(75,76,77)],
0);

MBT("O10+(2).2",3,
TEXT1,
[1,2,2,1,2,1,1,2,1,2,1,2,1,2,1,2,3,3,2,1,2,1,2,1,1,2,2,1,3,3,1,2,2,1,2,1,3,3,
2,1,1,2,3,3,1,2,3,3,4,5,6,6,6,6,6,7,7,8,8,1,2,9,10,11,4,5],
[5,5,4,1,1,2,1,1,0,0,0],
[[1,4,6,9,11,13,17,23,26,28,32,33,38,51,52,59,64,65,105,123],[2,3,5,10,12,14,
18,24,25,27,31,34,37,50,53,58,63,66,106,124],[21,22,47,48,62,73,74,75,93,
94],,,[100,101,102,103,104]],
[,,,[[1,3],[2,3]],4,,4,4],
[[[1,0,0,0,0,0,0,0,0,0,0,0,0,0,0,0,0,0,0,0],[0,1,0,0,0,0,0,0,0,0,0,0,0,0,0,0,
0,0,0,0],[-1,0,1,0,0,0,0,0,0,0,0,0,0,0,0,0,0,0,0,0],[0,0,0,1,0,0,0,0,0,0,0,0,
0,0,0,0,0,0,0,0],[0,0,-1,0,1,0,0,0,0,0,0,0,0,0,0,0,0,0,0,0],[0,0,0,-1,0,1,0,0,
0,0,0,0,0,0,0,0,0,0,0,0],[0,0,0,-1,0,0,1,0,0,0,0,0,0,0,0,0,0,0,0,0],[0,0,0,1,
0,-1,0,1,0,0,0,0,0,0,0,0,0,0,0,0],[0,0,0,0,0,0,0,0,1,0,0,0,0,0,0,0,0,0,0,0],[
0,-1,-1,0,0,0,0,0,0,1,0,0,0,0,0,0,0,0,0,0],[0,0,0,-1,0,0,0,0,0,0,1,0,0,0,0,0,
0,0,0,0],[0,0,0,0,0,0,0,0,0,0,0,1,0,0,0,0,0,0,0,0],[0,0,0,-1,0,1,0,-1,0,0,0,0,
1,0,0,0,0,0,0,0],[0,0,0,-1,0,0,0,-1,0,0,0,0,0,0,1,0,0,0,0,0],[0,-1,0,0,0,0,0,
0,0,0,0,0,0,1,0,0,0,0,0,0],[0,0,0,1,0,0,-1,0,0,0,0,0,0,0,0,1,0,0,0,0],[0,0,0,
0,0,0,0,0,-1,0,-1,0,0,0,0,0,1,0,0,0],[0,0,0,-1,0,0,0,0,0,0,0,0,0,0,0,0,0,1,0,
0],[0,0,0,2,0,0,0,1,0,0,-1,-1,0,0,-1,0,0,0,1,0],[0,0,0,0,0,0,0,1,-1,0,0,0,0,0,
-1,0,0,0,0,1]],1,[[1,0,0,0,0,0,0,0,0,0],[0,1,0,0,0,0,0,0,0,0],[-1,0,0,1,0,0,0,
0,0,0],[1,0,1,-1,0,0,0,0,0,0],[1,0,0,-1,0,0,0,1,0,0],[-1,0,0,1,1,0,0,-1,0,0],[
0,-1,0,0,0,1,0,0,0,0],[-1,0,0,0,0,0,1,0,0,0],[1,0,0,-1,0,0,0,0,1,0],[-1,0,-1,
1,0,0,0,0,0,1]],,,[[1,0,0,0,0],[0,1,0,0,0],[0,0,1,0,0],[0,0,0,1,0],[0,0,0,0,
1]]],
0,
[(29,30)(64,65),(33,34,35)],
0);

MBT("O10+(2).2",31,
"origin: modular ATLAS of finite groups",
[1,1,2,3,4,5,1,1,6,7,8,9,10,11,12,13,14,15,16,17,18,19,20,21,22,23,24,25,26,
27,28,29,30,31,1,1,32,33,34,35,36,37,38,39,40,41,42,43,44,45,46,47,48,49,50,
51,52,53,54,55,56,57,58,59,60,61,62,63,64,65,66,67,68,69,70,71,72,73,74,75,76,
77,78,79,80,81,82,83,84,85,86,87,1,1,88,89,90,91,92,93,94,95,96,97,98,99,100,
101,102,103,104,105,106,107,108,109,110,111,112,113,114,115,116,117,118,119,
120,121,122,123,124,125,126,127,1,1,128,129,130,131,132,133,134,135,136,137,
138,139,140,141,142,143],
[1,0,0,0,0,0,0,0,0,0,0,0,0,0,0,0,0,0,0,0,0,0,0,0,0,0,0,0,0,0,0,0,0,0,0,0,0,0,
0,0,0,0,0,0,0,0,0,0,0,0,0,0,0,0,0,0,0,0,0,0,0,0,0,0,0,0,0,0,0,0,0,0,0,0,0,0,0,
0,0,0,0,0,0,0,0,0,0,0,0,0,0,0,0,0,0,0,0,0,0,0,0,0,0,0,0,0,0,0,0,0,0,0,0,0,0,0,
0,0,0,0,0,0,0,0,0,0,0,0,0,0,0,0,0,0,0,0,0,0,0,0,0,0,0],
[],
[[[1,3],[2,4],[3,5],[4,6],[5,7],[6,8],[7,12],[8,13],[9,10,11,12],[9,10,11,
13]]],
[],
0,
[( 64, 65)( 79, 80)(147,148)],
0);

MBT("O10+(2).2",5,
TEXT1,
[1,2,3,4,2,1,5,6,2,1,2,1,7,7,1,2,8,9,10,11,2,1,2,1,12,13,1,2,14,15,17,18,16,
16,4,3,13,12,19,19,5,6,1,2,1,2,16,16,12,13,4,3,8,9,19,19,17,18,6,5,4,3,20,20,
21,22,23,24,25,25,9,8,14,15,2,1,6,5,2,1,1,2,26,27,7,7,15,14,9,8,28,29,30,31,
32,33,34,17,18,35,36,37,38,39,40,20,20,25,25,13,12,1,2,15,14,41,42,43,44,45,
46,47,17,18,48,49],
[2,2,1,1,1,1,1,1,1,0,0,1,1,1,1,1,1,1,1,1,0,0,0,0,1,0,0,0,0,0,0,0,0,0,0,0,0,0,
0,0,0,0,0,0,0,0,0,0,0],
[[1,6,10,12,15,22,25,28,45,48,86,88,89,131],[2,5,9,11,16,21,26,27,46,49,85,87,
90,132]],
[,,[[1,2],[2,4],[3,5],[4,5]],3,[[1,2],[2,3],[3,5],[4,5]],5,[[1,4],[2,5],[3,
4],[3,5]],3,3,,,[[1,3],[2,4],[3,5],[4,5]],12,3,3,7,12,12,7,7,,,,,7],
[[[1,0,0,0,0,0,0,0,0,0,0,0,0,0],[0,1,0,0,0,0,0,0,0,0,0,0,0,0],[0,0,1,0,0,0,0,
0,0,0,0,0,0,0],[-1,-1,0,1,0,0,0,0,0,0,0,0,0,0],[-1,0,0,0,1,0,0,0,0,0,0,0,0,
0],[0,0,-1,0,0,1,0,0,0,0,0,0,0,0],[1,0,0,-1,0,0,0,1,0,0,0,0,0,0],[0,0,0,0,0,0,
1,0,0,0,0,0,0,0],[1,1,0,-1,-1,0,0,0,1,0,0,0,0,0],[0,0,0,0,0,0,-1,0,0,1,0,0,0,
0],[0,1,1,0,0,-1,0,-1,0,0,1,0,0,0],[0,0,1,0,0,-1,0,0,0,0,0,1,0,0],[0,0,-1,0,0,
0,-1,0,0,0,0,0,1,0],[0,0,0,0,0,0,1,0,0,-1,0,0,0,1]],1],
0,
[( 55, 56)( 66, 67)(123,124),(62,63,64)],
0);

MBT("O10+(2).2",7,
"origin: modular ATLAS of finite groups",
[1,2,3,4,5,5,6,7,8,9,2,1,3,4,6,7,10,10,7,6,11,12,13,14,15,16,17,18,19,19,20,
21,22,23,24,25,3,4,4,3,26,27,2,1,5,5,28,29,30,31,32,33,34,35,36,1,2,1,2,37,38,
39,40,41,42,43,44,45,10,10,7,6,46,47,48,49,50,51,52,53,54,55,56,57,58,59,1,2,
60,61,62,63,19,19,3,4,3,4,64,65,66,10,10,67,68,6,7,69,70,71,72,73,74,75,76,77,
78,79,80,81,82,83,84,85,86,87,88,5,5,19,19,89,90,91,92,93,94,95,6,7,96,97,98,
99,100,101],
[1,1,1,1,1,1,1,0,0,1,0,0,0,0,0,0,0,0,1,0,0,0,0,0,0,0,0,0,0,0,0,0,0,0,0,0,0,0,
0,0,0,0,0,0,0,0,0,0,0,0,0,0,0,0,0,0,0,0,0,0,0,0,0,0,0,0,0,0,0,0,0,0,0,0,0,0,0,
0,0,0,0,0,0,0,0,0,0,0,0,0,0,0,0,0,0,0,0,0,0,0,0],
[],
[[[1,4],[2,3],[3,5],[4,6],[5,7],[6,7]],1,[[1,2],[2,4],[4,6],[3,5],[5,7],[6,
7]],3,[[1,3],[2,4],[3,6],[4,7],[5,6],[5,7]],[[1,2],[2,6],[3,4],[4,5],[5,7],[6,
7]],6,,,5,,,,,,,,,5],
[],
0,
[( 61, 62)( 76, 77)(142,143),(72,73,74)],
0);

MBT("O10+(2)",17,
"origin: modular ATLAS of finite groups",
[1,2,1,3,1,4,5,6,7,1,8,2,1,9,10,11,12,13,14,15,16,17,18,19,20,21,22,23,24,25,
26,27,28,29,1,30,31,32,33,34,35,36,2,37,38,39,40,41,42,43,44,45,46,47,48,49,
50,51,52,1,2,53,54,55,56,57,58,59,60,61,1,62,63,64,65,66,67,68,69,70,71,72,73,
74,75,76,77,78,79,80,81],
[1,1,0,0,0,0,0,0,0,0,0,0,0,0,0,0,0,0,0,0,0,0,0,0,0,0,0,0,0,0,0,0,0,0,0,0,0,0,
0,0,0,0,0,0,0,0,0,0,0,0,0,0,0,0,0,0,0,0,0,0,0,0,0,0,0,0,0,0,0,0,0,0,0,0,0,0,0,
0,0,0,0],
[],
[[[1,2],[2,4],[3,5],[4,6],[5,7,8],[6,9],[7,8,10],[9,10]],[[1,2],[2,3],[3,8],[
4,5,6,7,8]]],
[],
0,
[(61,62)(74,75)(76,77)(88,89)(90,91),(58,59)(69,70)(86,87),(80,81)(82,83)
(84,85),(80,82,84)(81,83,85)],
0);

MBT("O10+(2)",2,
[
"origin: computed from weight multiplicities by Frank Luebeck"
],
[1,1,1,1,1,1,1,1,1,1,1,1,1,1,1,1,1,1,1,1,1,1,1,1,1,1,1,1,1,1,1,2],
[20,0],
[[1,2,3,4,5,6,7,8,10,13,16,18,19,20,21,24,25,30,51,52,54,60,62,63,64,79,83,84,
85,86,87]],
[],
[[[1,0,0,0,0,0,0,0,0,0,0,0,0,0,0,0,0,0,0,0,0,0,0,0,0,0,0,0,0,0,0],[1,1,0,-2,3,
-1,1,-4,-1,4,-1,-5,-2,1,1,-2,-2,-2,-1,-1,-2,1,0,0,0,0,1,1,0,0,0],[1,0,0,-1,1,0
,0,-1,0,2,-1,-2,-1,0,0,0,-1,-1,0,0,-1,0,0,-1,-1,-1,0,1,0,1,1],[0,-1,1,1,-1,0,0
,1,0,-2,1,2,1,0,0,0,1,1,0,0,1,0,0,1,1,1,0,-1,0,-1,-1],[5,-1,1,1,-1,3,4,2,0,0,-
1,-1,-2,-1,-1,-2,-2,-2,-2,-2,0,-1,1,1,0,0,0,0,1,1,0],[-7,1,-1,1,-2,-2,-5,2,1,-
4,2,6,4,0,0,4,4,4,3,3,2,0,-1,-1,0,0,-1,-1,-1,-1,0],[-4,2,-1,-3,3,-5,-5,-5,-1,0
,1,-1,3,3,3,2,2,2,2,3,-2,0,-1,-3,-3,-2,0,2,-1,2,1],[2,-1,1,0,0,2,2,-1,0,2,0,-3
,-4,1,1,-2,-2,-2,-2,-3,0,0,0,2,3,2,1,-1,1,-2,-1],[-3,-3,0,5,-6,2,-2,8,2,-8,2,
10,4,-2,-2,4,4,4,2,2,4,-2,0,0,0,0,-2,-2,0,0,0],[1,4,0,-4,4,-3,2,-7,-1,8,-2,-9,
-2,1,1,-3,-3,-2,-1,-1,-4,3,0,0,0,0,2,2,-1,-1,0],[3,-1,0,2,-3,3,2,5,1,-2,-1,3,1
,-3,-3,0,0,0,0,1,1,-1,1,-1,-2,-1,-1,0,0,2,1],[4,-3,1,4,-5,5,4,7,1,-4,0,5,0,-3,
-3,0,0,0,-1,-2,3,-1,1,3,2,1,-1,-2,1,-1,-1],[-3,-1,-1,2,-2,1,-1,4,1,-4,1,5,2,-1
,-1,2,2,2,1,1,2,-1,0,0,0,0,-1,-1,0,0,0],[-8,5,-2,-3,4,-6,-5,-4,0,2,0,-1,4,0,0,
1,1,2,3,5,-2,2,-1,-4,-4,-1,0,2,-2,1,1],[-3,1,-1,-1,2,0,1,-2,0,4,-1,-3,-3,0,0,-
1,-1,-2,-1,-3,0,2,0,3,4,1,1,-1,0,-3,-1],[-15,0,-1,1,-2,-5,-12,1,0,-7,4,11,7,1,
1,8,8,6,7,7,4,1,-3,-3,0,0,-2,-2,-2,-2,0],[1,3,-1,-4,4,-1,2,-5,-2,6,-2,-6,-3,0,
0,-3,-3,-4,-1,-1,-2,2,0,0,0,0,1,1,0,0,0],[-13,6,-3,-6,6,-11,-10,-9,-1,2,2,-1,7
,3,3,4,4,5,5,7,-3,3,-2,-5,-4,-2,0,3,-3,0,1],[-5,2,-1,-3,3,-2,-1,-5,0,6,0,-5,-3
,1,1,-1,-1,-1,0,-2,-1,3,-1,2,4,2,2,-1,-1,-4,-1],[6,1,0,-3,2,-1,4,-4,0,7,-2,-9,
-3,1,1,-4,-4,-2,-3,-3,-4,1,1,1,0,0,2,2,0,0,0],[4,-3,1,4,-3,5,5,6,0,-5,1,4,-1,-
2,-2,-3,-1,-1,-3,-2,3,-2,1,3,2,3,0,-3,2,-1,-2],[3,-1,-2,-1,2,2,2,0,-1,1,-2,-2,
-2,0,0,0,-2,-3,-1,-2,-1,-2,1,-1,-2,-3,-1,2,1,4,2],[12,1,1,-6,8,5,9,-7,-4,10,-5
,-13,-11,0,0,-10,-10,-12,-7,-7,-4,0,2,2,0,0,2,2,3,3,0],[6,-3,0,6,-4,5,6,9,1,-4
,-1,4,0,-3,-4,-1,-1,0,-2,-2,2,-2,2,2,0,0,-1,-1,1,1,0],[3,1,1,-1,0,1,2,-2,-1,5,
-2,-5,-5,0,0,-1,-4,-3,-1,-1,-1,1,-1,0,1,2,1,0,1,-2,0],[-5,2,-1,-3,2,-7,-6,-6,-
3,-1,1,1,4,4,4,3,6,3,3,3,-1,1,-1,-2,-1,-2,0,1,-2,1,0],[10,4,1,-10,11,-2,7,-15,
-4,16,-5,-21,-10,3,4,-10,-10,-10,-6,-6,-8,3,1,1,0,0,4,4,1,1,0],[2,1,1,-1,3,3,2
,-2,-3,2,-2,-3,-4,-1,-2,-3,-3,-5,-1,-1,0,1,0,0,0,0,0,0,1,1,0],[7,-5,0,7,-5,4,4
,8,0,-8,1,5,2,0,0,0,2,3,-2,0,1,-4,2,1,-1,-2,-1,0,1,3,0],[15,-6,2,9,-7,12,12,12
,2,-2,-2,-1,-7,-4,-4,-5,-7,-3,-4,-6,1,-4,2,3,1,2,0,-1,3,1,0],[-11,-6,1,13,-14,
2,-9,16,2,-24,7,30,13,-5,-4,14,14,11,9,9,13,-4,-2,-2,0,0,-6,-6,-1,-1,0]]],
0,
[(11,12)(18,19)(21,22)(23,24)(25,26)(27,28)(29,30)(31,32)],
[1,1,0,0,1,1,0,0,-1,1,0,0,1,0,0,1,1,0,0,1,0,0,1,1,0,0,1,1,0,0,1,1],
rec(ClassInfo:=[rec(repr:=[0,0,0,0,0]),rec(repr:=[1/3,1/3,0,0,0]),rec(repr:=[0
,0,0,0,1/3]),rec(repr:=[0,0,1/3,0,1/3]),rec(repr:=[0,0,0,1/3,2/3]),rec(repr:=[
1/5,1/5,2/5,2/5,3/5]),rec(repr:=[0,0,1/5,0,2/5]),rec(repr:=[0,0,0,1/7,3/7]),
rec(repr:=[1/9,1/9,2/9,1/3,5/9]),rec(repr:=[0,0,1/9,5/9,2/9]),rec(repr:=[1/5,2
/5,0,1/3,2/3]),rec(repr:=[1/15,2/5,2/15,8/15,1/5]),rec(repr:=[1/15,1/15,2/15,8
/15,1/5]),rec(repr:=[1/15,1/15,7/15,4/15,3/5]),rec(repr:=[0,0,1/15,1/5,7/15]),
rec(repr:=[1/17,1/17,7/17,4/17,10/17]),rec(repr:=[1/17,1/17,3/17,5/17,9/17]),
rec(repr:=[0,1/7,3/7,0,1/3]),rec(repr:=[0,1/3,0,3/7,1/7]),rec(repr:=[1/21,1/21
,8/21,5/21,4/7]),rec(repr:=[0,15/31,7/31,3/31,1/31]),rec(repr:=[0,1/31,3/31,7/
31,15/31]),rec(repr:=[0,11/31,1/31,14/31,5/31]),rec(repr:=[0,5/31,14/31,1/31,
11/31]),rec(repr:=[0,3/31,9/31,2/31,14/31]),rec(repr:=[0,7/31,1/31,15/31,3/31]
),rec(repr:=[1/45,11/45,1/15,23/45,1/9]),rec(repr:=[7/45,4/15,1/45,2/9,4/9]),
rec(repr:=[1/51,19/51,1/17,8/17,3/17]),rec(repr:=[11/51,20/51,1/51,16/51,11/17
]),rec(repr:=[1/51,7/51,5/51,29/51,4/17]),rec(repr:=[5/51,8/51,1/51,7/51,8/17]
)],
RootDatumInfo:=[[[2,0,-1,0,0],[0,2,-1,0,0],[-1,-1,2,-1,0],[0,0,-1,2,-1],[0,0,0
,-1,2]],[[1,0,0,0,0],[0,1,0,0,0],[0,0,1,0,0],[0,0,0,1,0],[0,0,0,0,1]],[[1,0,0,
0,0],[0,1,0,0,0],[0,0,1,0,0],[0,0,0,1,0],[0,0,0,0,1]]],
version:=2,
date:="07.09.2022"));

MBT("O10+(2)",3,
TEXT1,
[1,1,1,1,1,1,1,1,2,1,1,1,1,1,2,1,1,1,2,1,1,2,1,2,3,4,4,4,4,5,6,1,7,8,9,10,11,
12,3],
[5,4,1,2,1,1,0,0,0,0,0,0],
[[1,2,3,5,6,7,9,12,13,14,16,17,19,27,28,31,35,36,59,74],[11,24,33,40,50],,[55,
56,57,58]],
[,,[[1,3],[2,3]],,[[1,2,3]],5],
[[[1,0,0,0,0,0,0,0,0,0,0,0,0,0,0,0,0,0,0,0],[0,1,0,0,0,0,0,0,0,0,0,0,0,0,0,0,
0,0,0,0],[-1,0,1,0,0,0,0,0,0,0,0,0,0,0,0,0,0,0,0,0],[0,0,0,1,0,0,0,0,0,0,0,0,
0,0,0,0,0,0,0,0],[0,0,-1,0,1,0,0,0,0,0,0,0,0,0,0,0,0,0,0,0],[0,0,0,-1,0,1,0,0,
0,0,0,0,0,0,0,0,0,0,0,0],[0,0,0,-1,0,0,1,0,0,0,0,0,0,0,0,0,0,0,0,0],[0,0,0,1,
0,-1,0,1,0,0,0,0,0,0,0,0,0,0,0,0],[0,0,0,0,0,0,0,0,1,0,0,0,0,0,0,0,0,0,0,0],[
0,-1,-1,0,0,0,0,0,0,1,0,0,0,0,0,0,0,0,0,0],[0,0,0,-1,0,0,0,0,0,0,1,0,0,0,0,0,
0,0,0,0],[0,0,0,0,0,0,0,0,0,0,0,1,0,0,0,0,0,0,0,0],[0,0,0,-1,0,1,0,-1,0,0,0,0,
1,0,0,0,0,0,0,0],[0,0,0,-1,0,0,0,-1,0,0,0,0,0,0,1,0,0,0,0,0],[0,-1,0,0,0,0,0,
0,0,0,0,0,0,1,0,0,0,0,0,0],[0,0,0,1,0,0,-1,0,0,0,0,0,0,0,0,1,0,0,0,0],[0,0,0,
0,0,0,0,0,-1,0,-1,0,0,0,0,0,1,0,0,0],[0,0,0,-1,0,0,0,0,0,0,0,0,0,0,0,0,0,1,0,
0],[0,0,0,2,0,0,0,1,0,0,-1,-1,0,0,-1,0,0,0,1,0],[0,0,0,0,0,0,0,1,-1,0,0,0,0,0,
-1,0,0,0,0,1]],[[1,0,0,0,0],[0,1,0,0,0],[0,0,1,0,0],[-1,0,0,1,0],[0,-1,0,0,
1]],,[[1,0,0,0],[0,1,0,0],[0,0,1,0],[0,0,0,1]]],
0,
[(30,31),(27,28),(34,35)(36,37)(38,39),(34,36,38)(35,37,39)],
0);

MBT("O10+(2)",31,
"origin: modular ATLAS of finite groups",
[1,2,3,1,4,5,6,7,8,9,10,11,12,13,14,15,16,1,17,18,19,20,21,22,23,24,25,26,27,
28,29,30,31,32,33,34,35,36,37,38,39,40,41,42,43,44,45,46,47,1,48,49,50,51,52,
53,54,55,56,57,58,59,60,61,62,63,64,65,66,67,68,69,70,71,72,73,74,75,76,77,78,
79,1,80,81,82,83,84,85,86,87],
[1,0,0,0,0,0,0,0,0,0,0,0,0,0,0,0,0,0,0,0,0,0,0,0,0,0,0,0,0,0,0,0,0,0,0,0,0,0,
0,0,0,0,0,0,0,0,0,0,0,0,0,0,0,0,0,0,0,0,0,0,0,0,0,0,0,0,0,0,0,0,0,0,0,0,0,0,0,
0,0,0,0,0,0,0,0,0,0],
[],
[[[1,2],[2,3],[3,4],[4,11],[5,6,7,8,9,10,11]]],
[],
0,
[(61,62)(76,77)(78,79)(84,85)(90,91),(58,59)(71,72)(82,83),(86,87)(88,89),
(66,67)(86,88,87,89)],
0);

MBT("O10+(2)",5,
TEXT1,
[1,2,1,3,1,1,4,1,5,6,1,1,7,1,8,10,9,2,7,11,3,1,1,9,7,2,5,11,10,3,2,12,13,14,
15,5,8,1,3,1,1,16,4,8,5,17,18,19,20,21,10,22,23,24,25,26,27,12,15,7,1,8,28,29,
30,31,32,33,34,35,36,37,38,10,39],
[2,1,1,1,1,0,1,1,1,1,1,1,0,0,1,0,0,0,0,0,0,0,0,0,0,0,0,0,0,0,0,0,0,0,0,0,0,0,
0],
[[1,3,5,6,8,11,13,14,23,26,46,47,48,78]],
[,[[1,2],[2,4],[3,5],[4,5]],[[1,2],[2,3],[3,5],[4,5]],[[1,4],[2,3,4]],2,,[[1,
3],[2,4],[3,5],[4,5]],2,4,7,4,4,,,4],
[[[1,0,0,0,0,0,0,0,0,0,0,0,0,0],[0,1,0,0,0,0,0,0,0,0,0,0,0,0],[0,0,1,0,0,0,0,
0,0,0,0,0,0,0],[-1,-1,0,1,0,0,0,0,0,0,0,0,0,0],[-1,0,0,0,1,0,0,0,0,0,0,0,0,
0],[0,0,-1,0,0,1,0,0,0,0,0,0,0,0],[1,0,0,-1,0,0,0,1,0,0,0,0,0,0],[0,0,0,0,0,0,
1,0,0,0,0,0,0,0],[1,1,0,-1,-1,0,0,0,1,0,0,0,0,0],[0,0,0,0,0,0,-1,0,0,1,0,0,0,
0],[0,1,1,0,0,-1,0,-1,0,0,1,0,0,0],[0,0,1,0,0,-1,0,0,0,0,0,1,0,0],[0,0,-1,0,0,
0,-1,0,0,0,0,0,1,0],[0,0,0,0,0,0,1,0,0,-1,0,0,0,1]]],
0,
[(72,73)(74,75),(56,57)(72,74,73,75),(53,54)(59,60)(70,71),(64,65)(66,67)
(68,69),(64,66,68)(65,67,69)],
0);

MBT("O10+(2)",7,
"origin: modular ATLAS of finite groups",
[1,2,3,4,5,1,2,4,6,4,7,8,9,10,11,12,13,14,2,2,15,1,3,16,17,18,19,20,21,1,1,22,
23,24,25,26,27,6,4,28,29,30,31,32,33,34,1,35,36,11,2,2,37,38,39,6,40,4,41,42,
43,44,45,46,47,48,49,50,51,52,53,54,55,56,3,11,57,58,59,60,61,62,63,64,4,65,
66,67],
[1,1,1,1,0,1,0,0,0,0,1,0,0,0,0,0,0,0,0,0,0,0,0,0,0,0,0,0,0,0,0,0,0,0,0,0,0,0,
0,0,0,0,0,0,0,0,0,0,0,0,0,0,0,0,0,0,0,0,0,0,0,0,0,0,0,0,0],
[],
[[[1,4],[2,3],[3,5],[4,6],[5,7],[6,7]],[[1,2],[2,4],[4,6],[3,5],[5,7],[6,
7]],[[1,2],[2,5],[3,4,5]],[[1,2],[2,6],[3,4],[4,5],[5,7],[6,7]],,3,,,,,3],
[],
0,
[(83,84)(85,86),(62,63)(83,85,84,86),(57,58)(69,70)(71,72)(81,82)(87,88),
(75,76)(77,78)(79,80),(75,77,79)(76,78,80)],
0);

MBT("O10-(2).2",11,
"origin: modular ATLAS of finite groups",
[1,1,2,3,4,5,1,1,6,7,8,9,10,11,12,13,14,6,15,16,17,18,19,20,21,22,23,24,25,26,
27,28,29,30,31,32,33,1,1,34,35,36,37,38,39,40,41,42,43,44,45,46,47,48,49,50,
51,6,52,53,54,55,56,57,58,59,60,61,62,63,64,65,66,67,68,69,70,71,72,73,74,75,
76,77,78,79,80,6,81,82,83,84,85,86,87,88,89,90,91,92,93,94,95,96,97,98,99,100,
101,102,103,104,1,1,105,106,107,108,109,110,111,112,113,114,115,116,117,118,
119,6,120,121,122,123,124,125,126,1,1,127,128,129,130,131,132,133,134,135,136,
137,138,139,140,141,142,143,144,145,146,147,148],
[1,0,0,0,0,1,0,0,0,0,0,0,0,0,0,0,0,0,0,0,0,0,0,0,0,0,0,0,0,0,0,0,0,0,0,0,0,0,
0,0,0,0,0,0,0,0,0,0,0,0,0,0,0,0,0,0,0,0,0,0,0,0,0,0,0,0,0,0,0,0,0,0,0,0,0,0,0,
0,0,0,0,0,0,0,0,0,0,0,0,0,0,0,0,0,0,0,0,0,0,0,0,0,0,0,0,0,0,0,0,0,0,0,0,0,0,0,
0,0,0,0,0,0,0,0,0,0,0,0,0,0,0,0,0,0,0,0,0,0,0,0,0,0,0,0,0,0,0,0],
[],
[[[1,3],[2,4],[3,5],[4,6],[5,7],[6,8],[7,10],[8,11],[9,10],[9,11]],,,,,[[1,
3],[2,4],[3,5],[4,6,7],[5,6,7]]],
[],
0,
[( 76, 77)(156,157)],
0);

MBT("O10-(2).2",17,
"origin: modular ATLAS of finite groups",
[1,2,2,1,3,4,5,6,7,8,9,10,11,12,13,14,15,16,17,18,19,20,1,2,21,22,2,1,23,24,
25,26,27,28,29,30,31,32,33,34,35,36,37,38,39,40,41,42,43,44,45,46,47,48,49,50,
51,52,53,54,55,56,57,58,59,60,61,62,2,1,63,64,65,66,67,68,69,70,71,72,73,74,
75,1,2,76,77,78,79,80,81,82,83,84,85,86,87,88,89,90,91,92,93,94,95,96,97,98,
99,100,101,102,103,104,105,106,107,108,109,110,111,112,113,1,2,114,115,116,
117,118,119,120,121,122,123,124,125,126,127,128,129,130,131,132,133,134,135,
136,2,1,137,138,139,140,141,142,143,144,145,146],
[1,1,0,0,0,0,0,0,0,0,0,0,0,0,0,0,0,0,0,0,0,0,0,0,0,0,0,0,0,0,0,0,0,0,0,0,0,0,
0,0,0,0,0,0,0,0,0,0,0,0,0,0,0,0,0,0,0,0,0,0,0,0,0,0,0,0,0,0,0,0,0,0,0,0,0,0,0,
0,0,0,0,0,0,0,0,0,0,0,0,0,0,0,0,0,0,0,0,0,0,0,0,0,0,0,0,0,0,0,0,0,0,0,0,0,0,0,
0,0,0,0,0,0,0,0,0,0,0,0,0,0,0,0,0,0,0,0,0,0,0,0,0,0,0,0,0,0],
[],
[[[1,3],[2,4],[3,6],[4,5],[5,8],[6,7],[7,9,10],[8,9,10]],1],
[],
0,
[(89,90)],
0);

MBT("O10-(2).2",3,
TEXT1,
[1,1,1,1,1,1,1,1,1,1,1,1,1,1,1,1,1,1,1,1,2,3,4,5,1,1,1,1,1,1,1,1,1,1,5,4,6,6,
1,1,1,1,3,2,5,4,7,8,1,1,4,5,6,6,4,5,9,10,8,7,11,12,13,14],
[6,1,1,2,2,2,1,1,0,1,0,0,0,0],
[[1,2,3,4,5,6,9,10,12,13,14,15,16,17,18,19,23,24,29,30,40,41,42,43,47,48,55,
56,63,75,80,81,95,96,106,107],,,[33,65,92,119,125],[34,64,91,120,126],[66,67,
121,122]],
[,[[1,3],[2,3]],2,,,,2,2,,[[1,2,3]]],
[[[1,0,0,0,0,0,0,0,0,0,0,0,0,0,0,0,0,0,0,0,0,0,0,0,0,0,0,0,0,0,0,0,0,0,0,0],[
0,1,0,0,0,0,0,0,0,0,0,0,0,0,0,0,0,0,0,0,0,0,0,0,0,0,0,0,0,0,0,0,0,0,0,0],[-1,
0,1,0,0,0,0,0,0,0,0,0,0,0,0,0,0,0,0,0,0,0,0,0,0,0,0,0,0,0,0,0,0,0,0,0],[0,-1,
0,1,0,0,0,0,0,0,0,0,0,0,0,0,0,0,0,0,0,0,0,0,0,0,0,0,0,0,0,0,0,0,0,0],[0,-1,0,
0,1,0,0,0,0,0,0,0,0,0,0,0,0,0,0,0,0,0,0,0,0,0,0,0,0,0,0,0,0,0,0,0],[-1,0,0,0,
0,1,0,0,0,0,0,0,0,0,0,0,0,0,0,0,0,0,0,0,0,0,0,0,0,0,0,0,0,0,0,0],[1,0,-1,0,0,
0,0,1,0,0,0,0,0,0,0,0,0,0,0,0,0,0,0,0,0,0,0,0,0,0,0,0,0,0,0,0],[-1,0,1,0,0,0,
1,-1,0,0,0,0,0,0,0,0,0,0,0,0,0,0,0,0,0,0,0,0,0,0,0,0,0,0,0,0],[1,0,0,0,0,-1,0,
0,1,0,0,0,0,0,0,0,0,0,0,0,0,0,0,0,0,0,0,0,0,0,0,0,0,0,0,0],[0,1,0,0,-1,0,0,0,
0,1,0,0,0,0,0,0,0,0,0,0,0,0,0,0,0,0,0,0,0,0,0,0,0,0,0,0],[-1,0,0,0,0,0,0,-1,0,
0,1,0,0,0,0,0,0,0,0,0,0,0,0,0,0,0,0,0,0,0,0,0,0,0,0,0],[1,0,-1,-1,0,0,-1,1,0,
0,0,1,0,0,0,0,0,0,0,0,0,0,0,0,0,0,0,0,0,0,0,0,0,0,0,0],[0,0,0,0,0,0,0,0,0,0,0,
0,1,0,0,0,0,0,0,0,0,0,0,0,0,0,0,0,0,0,0,0,0,0,0,0],[0,0,0,0,0,0,0,0,0,0,0,0,0,
1,0,0,0,0,0,0,0,0,0,0,0,0,0,0,0,0,0,0,0,0,0,0],[-1,0,1,0,0,0,0,-1,0,0,0,0,0,0,
0,1,0,0,0,0,0,0,0,0,0,0,0,0,0,0,0,0,0,0,0,0],[1,0,-1,0,0,0,0,1,0,0,0,0,0,0,1,
-1,0,0,0,0,0,0,0,0,0,0,0,0,0,0,0,0,0,0,0,0],[-1,1,0,0,-1,0,0,-1,0,0,0,0,0,0,0,
0,1,0,0,0,0,0,0,0,0,0,0,0,0,0,0,0,0,0,0,0],[2,0,-1,-1,0,-1,-1,1,0,0,0,0,0,0,0,
0,0,1,0,0,0,0,0,0,0,0,0,0,0,0,0,0,0,0,0,0],[1,0,0,0,0,0,0,1,0,0,-1,0,0,0,0,0,
0,0,1,0,0,0,0,0,0,0,0,0,0,0,0,0,0,0,0,0],[-1,0,1,1,0,0,1,-1,0,0,0,-1,0,0,0,0,
0,0,0,1,0,0,0,0,0,0,0,0,0,0,0,0,0,0,0,0],[0,0,0,0,0,0,0,1,0,0,-1,0,-1,0,0,0,0,
0,0,0,0,0,0,1,0,0,0,0,0,0,0,0,0,0,0,0],[0,0,0,0,0,0,0,-1,0,0,1,0,1,0,0,0,0,0,
0,0,1,0,0,-1,0,0,0,0,0,0,0,0,0,0,0,0],[-1,0,1,1,0,0,1,-1,0,0,0,-1,0,0,0,0,0,0,
0,0,0,1,0,0,0,0,0,0,0,0,0,0,0,0,0,0],[1,0,0,0,0,0,0,1,0,0,-1,0,0,0,0,0,0,0,0,
0,0,0,1,0,0,0,0,0,0,0,0,0,0,0,0,0],[-1,0,1,0,0,0,0,-1,0,0,0,0,0,-1,0,0,0,0,0,
0,0,0,0,0,1,0,0,0,0,0,0,0,0,0,0,0],[1,0,-1,0,0,0,-1,1,0,0,0,0,-1,0,0,0,0,0,0,
0,0,0,0,0,0,1,0,0,0,0,0,0,0,0,0,0],[0,-1,0,0,1,0,0,0,0,-1,0,0,-1,0,0,0,0,0,0,
0,0,0,0,0,0,0,1,0,0,0,0,0,0,0,0,0],[-1,0,0,0,0,1,0,0,-1,0,0,0,0,-1,0,0,0,0,0,
0,0,0,0,0,0,0,0,1,0,0,0,0,0,0,0,0],[1,0,-1,0,0,0,0,0,0,0,1,0,1,1,0,-1,0,0,0,0,
0,0,0,-1,-1,0,0,0,0,1,0,0,0,0,0,0],[-1,0,1,0,0,0,0,0,0,0,-1,0,0,0,-1,1,0,0,0,
0,0,0,0,1,0,-1,0,0,1,-1,0,0,0,0,0,0],[1,0,-1,0,0,0,0,0,0,0,1,0,0,0,0,-1,0,0,0,
0,0,0,0,-1,0,0,0,0,0,0,1,0,0,0,0,0],[-1,0,1,0,0,0,0,0,0,0,-1,0,-1,-1,-1,1,0,0,
0,0,-1,0,0,1,0,0,0,0,0,0,0,1,0,0,0,0],[0,-1,0,-1,1,0,-1,0,0,-1,1,0,0,1,-1,1,
-1,0,-1,0,0,-1,0,0,-1,0,0,0,0,0,0,0,1,0,0,0],[-1,0,-1,0,0,1,0,0,-1,0,0,1,1,0,
0,-1,0,-1,0,-1,0,0,-1,0,0,-1,0,0,0,0,0,0,0,1,0,0],[0,0,0,0,0,0,0,0,0,0,0,0,-1,
0,0,0,0,0,0,0,0,0,0,0,0,0,0,0,0,0,0,0,0,0,1,0],[0,0,0,0,0,0,0,0,0,0,0,0,0,-1,
0,0,0,0,0,0,0,0,0,0,0,0,0,0,0,0,0,0,0,0,0,1]],,,[[1,0,0,0,0],[0,1,0,0,0],[-1,
0,1,0,0],[0,0,0,1,0],[0,0,0,0,1]],4,[[1,0,0,0],[0,1,0,0],[0,0,1,0],[0,0,0,
1]]],
0,
[(29,30)(62,63)],
0);

MBT("O10-(2).2",5,
TEXT1,
[1,2,1,2,3,3,4,5,6,2,1,2,1,1,2,3,3,7,8,9,10,11,12,13,14,15,2,1,2,1,16,17,4,5,
3,3,3,6,1,2,2,1,18,19,8,9,11,10,20,21,5,4,22,23,24,25,1,2,17,16,2,1,3,3,3,6,2,
1,26,27,28,29,30,31,32,33,34,35,36,3,3,8,9,10,11,37,38,38,39,40,41,42,43,44,5,
4,45,46,47,48,49,16,17,3,3,8,9,11,10,1,2,6,50,1,2,51,52,53,54,38,38,55,56,57,
17,16,58,59,60,61,62,63,64,65,66,67],
[2,2,2,1,1,1,0,1,1,1,1,0,0,0,0,1,1,0,0,0,0,0,0,0,0,0,0,0,0,0,0,0,0,0,0,0,0,1,
0,0,0,0,0,0,0,0,0,0,0,0,0,0,0,0,0,0,0,0,0,0,0,0,0,0,0,0,0],
[[1,3,11,13,14,28,34,43,50,62,66,85,121,135],[2,4,10,12,15,27,33,44,49,61,67,
84,122,136],[5,6,16,17,35,36,37,64,65,68,86,87,119,120]],
[,,,[[1,2],[2,4],[3,5],[4,5]],4,4,,[[1,3],[2,4],[3,5],[4,5]],8,8,8,,,,,8,
8,,,,,,,,,,,,,,,,,,,,,[[1,4],[2,5],[3,4],[3,5]]],
[[[1,0,0,0,0,0,0,0,0,0,0,0,0,0],[-1,1,0,0,0,0,0,0,0,0,0,0,0,0],[0,0,1,0,0,0,0,
0,0,0,0,0,0,0],[-1,0,0,1,0,0,0,0,0,0,0,0,0,0],[1,-1,0,0,1,0,0,0,0,0,0,0,0,0],[
0,0,-1,0,0,1,0,0,0,0,0,0,0,0],[1,0,0,-1,0,0,1,0,0,0,0,0,0,0],[-1,1,0,0,-1,0,0,
1,0,0,0,0,0,0],[0,0,1,0,0,-1,0,0,1,0,0,0,0,0],[1,-1,0,0,1,0,0,-1,0,0,1,0,0,
0],[1,-1,0,-1,0,0,0,0,0,1,0,0,0,0],[-1,0,-1,1,0,0,-1,0,-1,0,0,1,0,0],[1,-1,0,
0,1,0,0,-1,0,0,0,0,1,0],[-1,1,0,1,-1,0,0,0,0,-1,0,0,0,1]],1,[[1,0,0,0,0,0,0,0,
0,0,0,0,0,0],[0,1,0,0,0,0,0,0,0,0,0,0,0,0],[0,0,1,0,0,0,0,0,0,0,0,0,0,0],[0,0,
0,1,0,0,0,0,0,0,0,0,0,0],[-1,-1,0,0,0,0,1,0,0,0,0,0,0,0],[-1,0,0,0,1,0,0,0,0,
0,0,0,0,0],[0,-1,0,0,0,1,0,0,0,0,0,0,0,0],[0,0,-1,-1,0,0,0,0,0,1,0,0,0,0],[0,
0,-1,0,0,0,0,1,0,0,0,0,0,0],[0,0,0,-1,0,0,0,0,1,0,0,0,0,0],[1,1,0,0,-1,0,-1,0,
0,0,1,0,0,0],[1,1,0,0,0,-1,-1,0,0,0,0,1,0,0],[0,0,1,0,0,0,0,-1,0,0,0,0,1,0],[
0,0,0,1,0,0,0,0,-1,0,0,0,0,1]]],
0,
[(76,77),( 67, 68)(133,134)],
0);

MBT("O10-(2).2",7,
"origin: modular ATLAS of finite groups",
[1,2,3,4,5,6,7,8,9,1,2,8,7,10,11,12,13,14,15,16,17,18,19,20,6,5,7,8,21,22,1,2,
23,23,24,25,26,27,28,29,30,31,1,2,32,33,34,35,36,37,7,8,5,6,38,39,40,41,42,43,
44,45,46,47,48,49,50,51,52,53,54,55,56,57,58,59,60,61,62,1,2,63,64,65,66,6,5,
7,8,67,1,2,68,69,70,71,72,73,74,75,76,77,78,23,23,79,80,81,82,83,84,85,86,87,
88,89,90,91,92,93,94,6,5,95,96,97,98,99,100,101,102,103,104,105,23,23,5,6,106,
107,108,109,110,111,112,7,8,113,114,115,116,117,118,119,120,121,122],
[1,1,0,0,1,1,1,1,0,0,0,0,0,0,0,0,0,0,0,0,0,0,1,0,0,0,0,0,0,0,0,0,0,0,0,0,0,0,
0,0,0,0,0,0,0,0,0,0,0,0,0,0,0,0,0,0,0,0,0,0,0,0,0,0,0,0,0,0,0,0,0,0,0,0,0,0,0,
0,0,0,0,0,0,0,0,0,0,0,0,0,0,0,0,0,0,0,0,0,0,0,0,0,0,0,0,0,0,0,0,0,0,0,0,0,0,0,
0,0,0,0,0,0],
[],
[[[1,2],[2,4],[3,5],[4,6],[5,7],[6,7]],1,,,[[1,3],[2,4],[3,6],[4,5],[5,7],[6,
7]],5,[[1,3],[2,5],[3,4],[4,6],[5,7],[6,7]],7,,,,,,,,,,,,,,,[[1,3],[2,4],[3,
6],[4,7],[5,6],[5,7]]],
[],
0,
[(88,89),( 75, 76)(153,154)],
0);

MBT("O10-(2)",11,
"origin: modular ATLAS of finite groups",
[1,2,3,1,4,5,6,7,8,9,4,5,10,11,12,13,14,15,16,17,18,19,20,1,21,22,23,24,25,26,
27,28,29,30,31,32,4,5,33,34,35,36,37,38,39,40,41,42,43,44,45,46,47,48,49,50,
51,4,5,52,53,54,55,56,57,58,59,60,61,62,63,64,65,66,1,67,68,69,70,71,72,73,74,
75,76,77,78,4,5,79,80,81,82,83,84,85,86,1,87,88,89,90,91,92,93,94,95,96,97],
[1,0,0,1,1,0,0,0,0,0,0,0,0,0,0,0,0,0,0,0,0,0,0,0,0,0,0,0,0,0,0,0,0,0,0,0,0,0,
0,0,0,0,0,0,0,0,0,0,0,0,0,0,0,0,0,0,0,0,0,0,0,0,0,0,0,0,0,0,0,0,0,0,0,0,0,0,0,
0,0,0,0,0,0,0,0,0,0,0,0,0,0,0,0,0,0,0,0],
[],
[[[1,2],[2,3],[3,4],[4,7],[5,6,7]],,,[[1,3],[2,4],[3,5],[4,6,7],[5,6,7]],4],
[],
0,
[(108,109),(90,91),(  7,  8)( 24, 25)( 28, 29)( 30, 31)( 34, 35)( 42, 43)
( 54, 55)( 61, 62)( 64, 65)( 68, 69)( 73, 74)( 77, 78)( 84, 85)( 88, 89)
( 92, 93)( 94, 95)(102,103)(105,106)],
0);

MBT("O10-(2)",17,
"origin: modular ATLAS of finite groups",
[1,1,2,3,4,5,6,7,8,9,10,11,12,13,1,14,1,15,16,17,18,19,20,21,22,23,24,25,26,
27,28,29,30,31,32,33,34,35,36,37,38,39,40,41,42,43,1,44,45,46,47,48,49,50,51,
1,52,53,54,55,56,57,58,59,60,61,62,63,64,65,66,67,68,69,70,71,72,73,74,75,76,
1,77,78,79,80,81,82,83,84,85,86,87,88,89,90,91,92,93,94,95,96,97,98,99,100,
101,1,102,103,104,105,106],
[1,0,0,0,0,0,0,0,0,0,0,0,0,0,0,0,0,0,0,0,0,0,0,0,0,0,0,0,0,0,0,0,0,0,0,0,0,0,
0,0,0,0,0,0,0,0,0,0,0,0,0,0,0,0,0,0,0,0,0,0,0,0,0,0,0,0,0,0,0,0,0,0,0,0,0,0,0,
0,0,0,0,0,0,0,0,0,0,0,0,0,0,0,0,0,0,0,0,0,0,0,0,0,0,0,0,0],
[],
[[[1,3],[2,4],[3,6],[4,5],[5,8],[6,7],[7,9,10],[8,9,10]]],
[],
0,
[(112,113),( 60, 61)(108,110)(109,111),(  7,  8)( 24, 25)( 28, 29)( 30, 31)
( 34, 35)( 42, 43)( 54, 55)( 63, 64)( 66, 67)( 70, 71)( 75, 76)( 79, 80)
( 86, 87)( 90, 91)( 92, 93)( 94, 95)(102,103)(105,106)(108,111)(109,110)],
0);

MBT("O10-(2)",2,
[
"origin: computed from weight multiplicities by Frank Luebeck"
],
[1,1,1,1,1,1,1,1,1,1,1,1,1,1,1,1,1,1,1,1,1,1,1,1,1,1,1,1,1,1,1,2],
[20,0],
[[1,2,3,4,5,6,7,8,9,10,11,12,13,14,19,22,23,24,28,29,35,36,44,64,65,75,96,98,
100,101,114]],
[],
[[[1,0,0,0,0,0,0,0,0,0,0,0,0,0,0,0,0,0,0,0,0,0,0,0,0,0,0,0,0,0,0],[7,-5,0,12,-
1,-1,22,-11,-11,0,0,0,-11,-15,9,0,0,6,4,6,5,5,4,2,2,1,0,0,-1,-1,-1],[-4,3,1,-6
,1,0,-13,6,6,-2,0,1,6,9,-5,2,2,-2,-4,-3,-3,-3,-3,-1,-1,0,1,1,0,0,0],[3,-4,0,6,
-1,0,13,-6,-6,2,0,-1,-6,-9,5,-2,-2,2,4,3,3,3,3,1,1,0,-1,-1,0,0,0],[2,0,1,3,0,0
,5,-4,-3,-2,1,1,-3,-3,3,0,0,4,0,0,2,2,2,1,1,1,0,0,0,0,-1],[-9,6,-1,-15,1,1,-27
,15,14,2,-1,-1,14,18,-12,0,0,-10,-4,-6,-7,-7,-6,-3,-3,-2,0,0,1,1,2],[-7,6,1,-
14,1,0,-27,14,13,-1,-1,1,13,18,-11,3,1,-7,-6,-6,-6,-7,-6,-2,-3,-1,1,1,0,1,1],[
0,-1,0,-2,-1,0,-1,2,1,3,0,-2,1,0,-1,-3,-1,-3,2,0,-1,0,0,-1,0,-1,-1,-1,1,0,1],[
-16,9,0,-23,2,2,-44,22,22,0,0,0,22,30,-18,0,0,-12,-8,-12,-10,-10,-8,-4,-4,-2,0
,0,2,2,2],[16,-9,1,26,-1,-1,48,-26,-24,-3,1,1,-25,-33,21,0,0,16,8,12,12,12,10,
5,5,3,0,0,-2,-2,-3],[5,-5,-1,12,0,-1,22,-11,-11,0,0,0,-11,-15,9,0,0,6,4,6,5,5,
4,2,2,1,0,0,-1,-1,-1],[5,-5,-1,12,-1,0,22,-11,-11,0,0,0,-11,-15,9,0,0,6,4,6,5,
5,4,2,2,1,0,0,-1,-1,-1],[-3,1,-2,-3,0,0,-4,4,3,2,-1,-1,3,3,-3,0,0,-4,0,0,-2,-2
,-2,-1,-1,-1,0,0,0,0,1],[0,3,0,-1,2,1,-3,-1,1,-4,2,2,1,3,0,1,-1,3,-2,-3,1,0,1,
1,0,1,0,0,0,1,-1],[0,3,0,-1,1,2,-3,-1,1,-4,2,2,1,3,0,-1,1,3,-2,-3,0,1,1,0,1,1,
0,0,1,0,-1],[-28,14,-1,-42,3,3,-77,42,39,4,-2,-2,38,52,-33,0,0,-26,-12,-18,-19
,-19,-16,-8,-8,-5,0,0,3,3,5],[6,0,0,6,0,0,10,-9,-6,-3,2,2,-6,-6,6,0,0,8,0,0,4,
4,4,2,2,2,0,0,0,0,-2],[-5,6,0,-11,1,0,-21,9,10,-2,2,0,11,16,-8,1,2,-3,-6,-7,-6
,-3,-4,-2,-1,0,0,1,1,1,0],[-2,3,0,-5,0,1,-9,3,4,0,0,2,5,7,-3,-1,-2,-1,-2,-5,0,
-3,0,0,-1,0,0,-1,1,1,0],[17,-11,1,26,-2,-2,48,-27,-25,-2,1,1,-24,-33,21,0,0,16
,8,12,12,12,10,5,5,3,0,0,-2,-2,-3],[15,-14,-3,24,-4,0,52,-25,-24,8,0,-5,-24,-
36,20,-9,-6,8,16,12,11,13,12,3,5,0,-4,-4,1,-1,0],[-13,14,1,-24,4,0,-52,23,24,-
8,-1,4,24,36,-20,10,7,-8,-16,-12,-11,-13,-12,-3,-5,0,4,4,-1,1,0],[26,-15,-1,39
,-4,-4,73,-38,-39,0,1,1,-36,-49,30,0,0,23,12,18,17,17,14,7,7,4,0,0,-3,-3,-4],[
8,-5,-1,16,0,0,29,-16,-14,-2,0,0,-15,-18,12,0,0,10,5,6,7,7,6,3,3,2,0,0,-1,-1,-
2],[1,-3,-1,3,-3,-1,6,0,-2,5,-3,-2,-2,-5,0,0,-1,-3,2,4,1,-1,-1,0,-1,-1,1,0,-1,
-1,1],[5,-7,-2,9,-2,-4,20,-6,-8,7,-3,-4,-8,-14,5,-2,-1,-1,6,8,2,4,1,0,1,-1,-1,
0,-1,-1,1],[33,-20,1,49,-4,-4,94,-48,-48,-3,1,1,-47,-64,39,0,0,28,16,25,22,22,
18,9,9,5,0,0,-4,-4,-5],[2,0,0,5,0,0,6,-5,-5,1,1,1,-5,-5,3,-1,-1,4,0,0,2,2,3,1,
1,1,0,0,0,0,-1],[-7,6,2,-12,0,2,-25,8,12,-1,1,2,11,17,-8,-2,-2,-2,-5,-10,-3,-4
,-1,0,-1,0,-1,-1,2,2,0],[-14,13,3,-24,3,1,-51,20,24,-5,3,2,23,35,-18,2,2,-6,-
13,-16,-10,-9,-7,-3,-2,0,1,1,2,2,0],[-49,29,0,-74,5,5,-141,75,73,4,-4,-4,71,97
,-60,1,1,-44,-25,-37,-34,-34,-29,-14,-14,-7,0,0,6,6,8]]],
0,
[(3,4)(12,13)(15,16)(18,19)(22,23)(27,28)(29,30)(31,32)],
[1,1,0,0,1,1,0,0,-1,1,0,0,1,0,0,1,1,0,0,1,0,0,1,1,0,0,1,1,0,0,1,1],
rec(ClassInfo:=[rec(repr:=[0,0,0,0,0]),rec(repr:=[1/3,1/3,0,0,0]),rec(repr:=[0
,1/3,0,1/3,2/3]),rec(repr:=[0,1/3,0,2/3,1/3]),rec(repr:=[0,0,0,0,1/3]),rec(
repr:=[0,0,1/3,0,1/3]),rec(repr:=[0,0,0,1/3,2/3]),rec(repr:=[1/5,1/5,2/5,2/5,3
/5]),rec(repr:=[0,0,1/5,0,2/5]),rec(repr:=[0,0,0,1/7,3/7]),rec(repr:=[1/9,1/9,
2/9,1/3,5/9]),rec(repr:=[0,1/9,4/9,2/9,5/9]),rec(repr:=[0,2/9,1/9,2/3,1/3]),
rec(repr:=[0,0,1/9,5/9,2/9]),rec(repr:=[0,1/11,4/11,2/11,6/11]),rec(repr:=[0,2
/11,1/11,7/11,3/11]),rec(repr:=[1/15,1/15,2/15,8/15,1/5]),rec(repr:=[1/15,4/15
,0,1/5,3/5]),rec(repr:=[1/15,4/15,0,3/5,1/5]),rec(repr:=[1/15,1/15,7/15,4/15,3
/5]),rec(repr:=[0,0,1/15,1/5,7/15]),rec(repr:=[0,2/15,1/15,3/5,4/15]),rec(
repr:=[0,1/15,1/3,1/5,8/15]),rec(repr:=[1/17,1/17,3/17,5/17,9/17]),rec(repr:=[
1/17,1/17,7/17,4/17,10/17]),rec(repr:=[1/21,1/21,8/21,5/21,4/7]),rec(repr:=[1/
33,2/33,5/33,3/11,17/33]),rec(repr:=[2/33,1/33,5/33,3/11,17/33]),rec(repr:=[1/
33,8/33,4/33,23/33,10/33]),rec(repr:=[2/33,7/33,16/33,2/11,19/33]),rec(repr:=[
2/35,1/5,16/35,6/35,4/7]),rec(repr:=[1/35,8/35,4/35,24/35,2/7])],
RootDatumInfo:=[[[2,0,-1,0,0],[0,2,-1,0,0],[-1,-1,2,-1,0],[0,0,-1,2,-1],[0,0,0
,-1,2]],[[1,0,0,0,0],[0,1,0,0,0],[0,0,1,0,0],[0,0,0,1,0],[0,0,0,0,1]],[[0,1,0,
0,0],[1,0,0,0,0],[0,0,1,0,0],[0,0,0,1,0],[0,0,0,0,1]]],
version:=2,
date:="07.09.2022"));

MBT("O10-(2)",3,
TEXT1,
[1,1,1,1,1,1,1,1,1,1,2,3,1,1,1,1,1,3,4,1,1,2,3,5,1,3,4,3,6,7,8,9,5,10,11],
[6,1,2,2,1,0,0,1,1,0,0],
[[1,2,3,5,8,9,10,11,15,18,25,27,30,34,41,54,63,70],,[20,43,61,78,84]],
[,[[1,3],[2,3]],,[[1,2,3,7,8,9],[4,5,6,7,8,9]],2,,,[[1,2,3]],8],
[[[1,0,0,0,0,0,0,0,0,0,0,0,0,0,0,0,0,0],[-1,1,0,0,0,0,0,0,0,0,0,0,0,0,0,0,0,
0],[-1,0,1,0,0,0,0,0,0,0,0,0,0,0,0,0,0,0],[0,0,0,1,0,0,0,0,0,0,0,0,0,0,0,0,0,
0],[1,0,-1,0,1,0,0,0,0,0,0,0,0,0,0,0,0,0],[0,-1,0,-1,0,1,0,0,0,0,0,0,0,0,0,0,
0,0],[0,0,0,0,0,0,1,0,0,0,0,0,0,0,0,0,0,0],[0,0,0,0,0,0,0,1,0,0,0,0,0,0,0,0,0,
0],[1,-1,-1,-1,0,0,0,0,1,0,0,0,0,0,0,0,0,0],[0,1,0,1,0,-1,0,0,0,1,0,0,0,0,0,0,
0,0],[0,0,0,0,0,0,0,0,0,0,1,0,0,0,0,0,0,0],[0,1,0,1,0,-1,0,0,0,0,0,1,0,0,0,0,
0,0],[0,0,0,-1,0,0,-1,0,0,0,0,0,1,0,0,0,0,0],[-1,0,1,0,-1,0,-1,0,0,0,0,0,0,1,
0,0,0,0],[0,0,0,0,0,0,1,-1,0,0,0,0,-1,0,1,0,0,0],[0,0,0,0,0,0,-1,-1,0,0,-1,0,
0,0,0,1,0,0],[-1,-1,1,-1,-1,1,1,-1,-1,-1,0,-1,-1,0,0,0,1,0],[0,0,0,0,0,0,-1,0,
0,0,0,0,0,0,0,0,0,1]],,[[1,0,0,0,0],[0,1,0,0,0],[-1,0,1,0,0],[0,0,0,1,0],[0,0,
0,0,1]]],
0,
[(30,31),(27,28),(34,35)],
0);

MBT("O10-(2)",5,
TEXT1,
[1,1,2,3,5,4,1,1,1,2,6,7,8,9,10,11,1,1,12,3,2,2,2,4,5,1,1,13,8,9,14,3,15,16,
17,18,19,1,12,1,2,2,2,5,4,1,20,21,22,23,24,25,26,2,8,9,27,28,29,30,31,32,3,33,
34,35,36,12,2,8,9,1,4,5,37,38,1,39,40,41,42,43,29,44,45,46,47,48,49,12,50,51,
52,53,54],
[2,2,1,1,1,0,0,1,1,0,0,1,0,0,0,0,0,0,0,0,0,0,0,0,0,0,0,0,1,0,0,0,0,0,0,0,0,0,
0,0,0,0,0,0,0,0,0,0,0,0,0,0,0,0],
[[1,2,7,8,9,17,20,28,31,40,44,56,79,95],[3,10,21,22,23,43,45,46,57,78]],
[,,[[1,2],[2,4],[3,5],[4,5]],3,3,,,[[1,3],[2,4],[3,5],[4,5]],8,,,
8,,,,,,,,,,,,,,,,,[[1,4],[2,3,4]]],
[[[1,0,0,0,0,0,0,0,0,0,0,0,0,0],[-1,1,0,0,0,0,0,0,0,0,0,0,0,0],[0,0,1,0,0,0,0,
0,0,0,0,0,0,0],[-1,0,0,1,0,0,0,0,0,0,0,0,0,0],[1,-1,0,0,1,0,0,0,0,0,0,0,0,0],[
0,0,-1,0,0,1,0,0,0,0,0,0,0,0],[1,0,0,-1,0,0,1,0,0,0,0,0,0,0],[-1,1,0,0,-1,0,0,
1,0,0,0,0,0,0],[0,0,1,0,0,-1,0,0,1,0,0,0,0,0],[1,-1,0,0,1,0,0,-1,0,0,1,0,0,
0],[1,-1,0,-1,0,0,0,0,0,1,0,0,0,0],[-1,0,-1,1,0,0,-1,0,-1,0,0,1,0,0],[1,-1,0,
0,1,0,0,-1,0,0,0,0,1,0],[-1,1,0,1,-1,0,0,0,0,-1,0,0,0,1]],[[1,0,0,0,0,0,0,0,0,
0],[0,1,0,0,0,0,0,0,0,0],[-1,0,0,0,1,0,0,0,0,0],[-1,0,0,1,0,0,0,0,0,0],[-1,0,
1,0,0,0,0,0,0,0],[0,-1,0,0,0,0,0,1,0,0],[0,-1,0,0,0,0,1,0,0,0],[0,-1,0,0,0,1,
0,0,0,0],[2,0,-1,-1,-1,0,0,0,1,0],[0,1,0,0,0,-1,0,0,0,1]]],
0,
[(80,81),(55,56)(92,94)(93,95),( 7, 8)(22,23)(26,27)(28,29)(32,33)(40,41)
(52,53)(58,59)(61,62)(65,66)(70,71)(74,75)(82,83)(84,85)(90,91)(92,95)
(93,94)],
0);

MBT("O10-(2)",7,
"origin: modular ATLAS of finite groups",
[1,2,3,4,5,6,1,4,7,8,9,10,11,12,13,3,4,14,1,15,16,17,18,19,20,21,22,1,23,24,
25,4,3,26,27,28,29,30,31,32,33,34,35,36,37,38,39,40,41,42,43,44,45,1,46,47,3,
4,48,49,1,50,51,52,53,54,55,56,15,57,58,59,60,61,62,63,64,65,66,67,3,68,69,70,
71,72,73,74,75,76,77,78,79,80,15,3,81,82,83,84,85,86,87,88,4,89,90,91,92,93],
[1,0,1,1,0,0,0,0,0,0,0,0,0,0,1,0,0,0,0,0,0,0,0,0,0,0,0,0,0,0,0,0,0,0,0,0,0,0,
0,0,0,0,0,0,0,0,0,0,0,0,0,0,0,0,0,0,0,0,0,0,0,0,0,0,0,0,0,0,0,0,0,0,0,0,0,0,0,
0,0,0,0,0,0,0,0,0,0,0,0,0,0,0,0],
[],
[[[1,2],[2,4],[3,5],[4,6],[5,7],[6,7]],,[[1,3],[2,4],[3,6],[4,5],[5,7],[6,
7]],[[1,3],[2,5],[3,4],[4,6],[5,7],[6,7]],,,,,,,,,,,[[1,2],[2,5],[3,4,5]]],
[],
0,
[(90,91),( 59, 60)(107,109)(108,110),(  7,  8)( 24, 25)( 28, 29)( 30, 31)
( 34, 35)( 42, 43)( 53, 54)( 62, 63)( 65, 66)( 69, 70)( 74, 75)( 78, 79)
( 84, 85)( 88, 89)( 92, 93)( 94, 95)(101,102)(104,105)(107,110)(108,109)],
0);

MBT("O8-(2).2",17,
TEXT1,
[1,1,2,3,4,5,1,1,6,7,8,9,10,11,12,13,14,15,16,17,18,19,20,21,22,23,24,25,26,
27,28,29,30,1,1,31,32,33,34,35,36,37,38,39,1,1,40,41,42,43,44,45,46,47,48,49,
50,51],
[1,0,0,0,0,0,0,0,0,0,0,0,0,0,0,0,0,0,0,0,0,0,0,0,0,0,0,0,0,0,0,0,0,0,0,0,0,0,
0,0,0,0,0,0,0,0,0,0,0,0,0],
[],
[[[1,3],[2,4],[3,5],[4,6],[5,9],[6,10],[7,8,9],[7,8,10]]],
[],
0,
[],
0);

MBT("O8-(2).2",2,
TEXT1,
[1,1,1,1,1,1,1,1,1,1,1,2],
[13,1],
[[1,3,5,7,9,11,13,19,34,38,45]],
[,[[1,2]]],
[[[1,0,0,0,0,0,0,0,0,0,0],[2,1,1,3,-2,0,-2,-1,0,-1,1],[-1,-1,1,0,0,0,0,0,0,0,
0],[-2,0,-1,-3,2,0,2,1,0,1,-1],[-2,-1,0,1,0,0,0,0,0,0,0],[-1,0,-2,-4,2,1,2,1,
0,1,-1],[1,1,0,3,-1,0,-2,-1,0,-1,1],[2,1,1,6,-4,-1,-4,-1,0,-2,2],[1,0,1,2,-2,
0,-1,-1,0,-1,1],[2,-1,-1,1,-1,0,-1,0,1,0,0],[3,-1,-1,-2,0,-2,2,0,0,3,-2]]],
0,
[],
[1,1,1,1,1,1,1,1,1,1,1,1]);

MBT("O8-(2).2",3,
TEXT1,
[1,2,2,1,2,1,1,2,1,2,2,1,1,2,1,2,1,2,3,3,3,3,3,4,4,2,1,5,6],
[4,4,2,1,0,0],
[[1,4,6,9,11,15,18,21,33,48],[2,3,5,10,12,16,17,22,32,47],[27,28,29,30,31]],
[,,,[[1,3],[2,3]]],
[[[1,0,0,0,0,0,0,0,0,0],[0,1,0,0,0,0,0,0,0,0],[-1,0,1,0,0,0,0,0,0,0],[1,0,-1,
0,1,0,0,0,0,0],[-1,0,0,1,0,0,0,0,0,0],[1,-1,-1,0,0,0,1,0,0,0],[-1,0,0,0,0,1,0,
0,0,0],[1,0,0,-1,0,0,0,1,0,0],[-1,0,1,0,-1,0,0,0,1,0],[-1,1,1,0,0,0,-1,0,0,
1]],1,[[1,0,0,0,0],[0,1,0,0,0],[0,0,1,0,0],[0,0,0,1,0],[0,0,0,0,1]]],
0,
[(15,16)],
0);

MBT("O8-(2).2",5,
TEXT1,
[1,2,3,3,4,5,6,7,2,1,7,6,8,8,6,7,2,1,9,10,4,5,11,11,2,1,12,13,5,4,8,8,14,15,3,
3,11,11,5,4,16,17,18,19,20,7,6,21,22,23,24],
[1,1,1,1,1,1,1,1,0,0,1,0,0,0,0,0,0,0,0,0,0,0,0,0],
[],
[[[1,2],[2,4],[3,5],[4,5]],1,[[1,4],[2,5],[3,4],[3,5]],1,1,[[1,3],[2,4],[3,
5],[4,5]],6,3,,,3],
[],
0,
[(25,26)],
0);

MBT("O8-(2).2",7,
TEXT1,
[1,2,1,2,3,3,4,5,1,2,2,1,6,7,8,9,10,11,12,13,14,15,16,17,3,3,18,19,20,21,22,
23,24,25,26,27,28,1,2,1,2,29,30,3,3,31,32,33,34,35,36,37,38,39,40,41,42],
[1,1,1,0,0,0,0,0,0,0,0,0,0,0,0,0,0,0,0,0,0,0,0,0,0,0,0,0,0,0,0,0,0,0,0,0,0,0,
0,0,0,0],
[],
[[[1,2],[2,3],[3,6],[4,5],[5,7],[6,7]],1,[[1,3],[2,4],[3,6],[4,7],[5,6],[5,
7]]],
[],
0,
[(29,30)],
0);

MBT("O8-(2)",17,
TEXT1,
[1,2,3,1,4,5,6,7,8,9,10,11,12,13,14,15,16,17,1,18,19,20,21,22,23,24,25,26,1,
27,28,29,30,31,32],
[1,0,0,0,0,0,0,0,0,0,0,0,0,0,0,0,0,0,0,0,0,0,0,0,0,0,0,0,0,0,0,0],
[],
[[[1,2],[2,3],[3,8],[4,5,6,7,8]]],
[],
0,
[(32,33),(23,24)(29,30)(34,35)],
0);

MBT("O8-(2)",2,
TEXT1,
[1,1,1,1,1,1,1,1,1,1,1,1,1,1,1,2],
[12,0],
[[1,2,3,4,5,6,7,10,19,21,22,27,29,30,31]],
[],
[[[1,0,0,0,0,0,0,0,0,0,0,0,0,0,0],[2,1,1,3,-2,0,-2,-1,0,-1,-1,0,1,1,0],[-1,1,
1,-1,1,1,0,-1,-1,-2,-1,1,0,1,1],[0,-2,0,1,-1,-1,0,1,1,2,1,-1,0,-1,-1],[-2,0,
-1,-3,2,0,2,1,0,1,1,0,-1,-1,0],[-2,-1,0,1,0,0,0,0,0,0,0,0,0,0,0],[-1,1,-1,-3,
2,1,1,0,-1,-1,0,0,0,0,1],[0,-1,-1,-1,0,0,1,1,1,2,1,0,-1,-1,-1],[1,1,0,3,-1,0,
-2,-1,0,-1,-1,0,1,1,0],[0,3,1,1,0,1,-2,-2,-2,-5,-2,1,1,3,2],[2,-2,0,5,-4,-2,
-2,1,2,3,0,-1,1,-1,-2],[1,0,1,2,-2,0,-1,-1,0,-1,-1,0,1,1,0],[2,-1,-1,1,-1,0,
-1,0,1,0,0,0,0,0,0],[2,-2,-1,0,-1,-2,1,1,1,3,3,-1,-1,-2,-1],[1,1,0,-2,1,0,1,
-1,-1,0,0,1,-1,0,1]]],
0,
[( 8, 9)(11,12)(13,14)(15,16)],
[1,1,1,1,1,1,1,1,1,1,1,1,1,1,1,1]);

MBT("O8-(2)",3,
TEXT1,
[1,1,1,1,1,1,1,1,1,2,2,2,2,3,1,4,5,6,7],
[4,2,1,0,0,0,0],
[[1,2,3,5,6,8,9,11,18,33],[14,15,16,17]],
[,,[[1,2,3]]],
[[[1,0,0,0,0,0,0,0,0,0],[0,1,0,0,0,0,0,0,0,0],[-1,0,1,0,0,0,0,0,0,0],[1,0,-1,
0,1,0,0,0,0,0],[-1,0,0,1,0,0,0,0,0,0],[1,-1,-1,0,0,0,1,0,0,0],[-1,0,0,0,0,1,0,
0,0,0],[1,0,0,-1,0,0,0,1,0,0],[-1,0,1,0,-1,0,0,0,1,0],[-1,1,1,0,0,0,-1,0,0,
1]],[[1,0,0,0],[0,1,0,0],[0,0,1,0],[0,0,0,1]]],
0,
[(13,14),(16,17)(18,19),(16,18,17,19)],
0);

MBT("O8-(2)",5,
TEXT1,
[1,2,3,4,1,4,5,4,1,6,3,7,1,8,3,5,9,2,7,3,10,11,12,13,14,15,16,4,17,18],
[1,1,1,1,1,0,1,0,0,0,0,0,0,0,0,0,0,0],
[],
[[[1,2],[2,4],[3,5],[4,5]],[[1,4],[2,3,4]],1,[[1,3],[2,4],[3,5],[4,5]],2,,2],
[],
0,
[(29,30),(25,26)(27,28),(25,27,26,28)],
0);

MBT("O8-(2)",7,
TEXT1,
[1,1,2,3,1,1,4,5,6,7,8,9,2,10,11,12,13,14,15,16,1,1,17,18,19,20,2,21,22,23,24,
25,26,27,28,29],
[1,1,0,0,0,0,0,0,0,0,0,0,0,0,0,0,0,0,0,0,0,0,0,0,0,0,0,0,0],
[],
[[[1,2],[2,3],[3,6],[4,5],[5,7],[6,7]],[[1,2],[2,5],[3,4,5]]],
[],
0,
[(22,23)(28,29)(35,36),(31,32)(33,34),(31,33,32,34)],
0);

MBT("O8-(3)",13,
TEXT1,
[1,1,2,2,3,4,5,6,7,8,1,1,9,10,11,12,13,14,15,16,17,18,19,20,2,2,21,22,23,24,
25,26,27,28,29,5,30,31,32,33,34,35,36,37,38,39,40,41,42,43,44,45,46,47,1,48,
49,50,51,2,2,52,53,54,55,56,57,58,59,60,61,62,63,64,65,66,1,5,67,68,69,70,71,
72,73,74,75,76,77,78,79,80,81,82,83,84,85,86,87,88,89,90,91,92],
[1,1,0,0,1,0,0,0,0,0,0,0,0,0,0,0,0,0,0,0,0,0,0,0,0,0,0,0,0,0,0,0,0,0,0,0,0,0,
0,0,0,0,0,0,0,0,0,0,0,0,0,0,0,0,0,0,0,0,0,0,0,0,0,0,0,0,0,0,0,0,0,0,0,0,0,0,0,
0,0,0,0,0,0,0,0,0,0,0,0,0,0,0],
[],
[[[1,2],[2,3],[3,6,7],[4,5],[5,8],[6,7,8]],[[1,3],[2,4],[3,5],[4,6],[5,7,8],[
6,7,8]],,,[[1,2],[2,7],[3,4,5,6,7]]],
[],
0,
[( 83, 84),( 69, 70)( 77, 78)( 85, 86)( 91, 92)(103,104),(  6,  7)(  8,  9)
( 22, 23)( 24, 25)( 26, 27)( 28, 29)( 32, 33)( 34, 35)( 36, 37)( 42, 43)
( 44, 45)( 46, 47)( 52, 53)( 55, 56)( 60, 61)( 62, 63)( 64, 65)( 71, 72)
( 73, 74)( 75, 76)( 81, 82)( 87, 88)( 89, 90),( 93, 94)( 95, 96)( 97, 98)
( 99,100)(101,102),( 93, 95, 97, 99,101)( 94, 96, 98,100,102)],
0,
rec(version:=1,
date:="30.12.92"));

MBT("O8-(3)",2,
TEXT1,
[1,1,1,1,1,1,1,1,1,1,1,1,2,2,2,2,2,1,1,3,4,5,6,7,8,9,10,11,12,13,14,15],
[10,6,2,2,0,0,0,0,0,0,0,0,0,0,2],
[[1,2,3,4,9,10,11,12,20,21,41,42,53,54],[38,47,48,49,50]],
[,,[[1,2,3,4]],3,,,,,,,,,,,3],
[[[1,0,0,0,0,0,0,0,0,0,0,0,0,0],[0,1,0,0,0,0,0,0,0,0,0,0,0,0],[-1,0,1,0,0,0,0,
0,0,0,0,0,0,0],[-1,0,0,1,0,0,0,0,0,0,0,0,0,0],[1,-1,-2,0,1,0,0,0,0,0,0,0,0,
0],[1,-1,0,-2,0,1,0,0,0,0,0,0,0,0],[1,0,-1,-1,0,0,0,1,0,0,0,0,0,0],[-1,0,0,0,
0,0,1,0,0,0,0,0,0,0],[0,0,0,0,0,0,0,0,1,0,0,0,0,0],[0,0,0,0,0,0,0,0,0,1,0,0,0,
0],[-1,1,3,1,-1,0,-1,-1,0,0,1,0,0,0],[-1,1,1,3,0,-1,-1,-1,0,0,0,1,0,0],[0,0,0,
0,0,0,0,0,-1,0,0,0,1,0],[0,0,0,0,0,0,0,0,0,-1,0,0,0,1]],[[1,0,0,0,0],[0,1,0,0,
0],[0,0,1,0,0],[0,0,0,1,0],[0,0,0,0,1]]],
0,
[(19,20),(17,18),( 3, 4)( 5, 6)(11,12)(13,14)(15,16)(21,22),(23,24)(25,26)
(27,28)(29,30)(31,32),(23,25,27,29,31)(24,26,28,30,32)],
[1,1,-1,-1,1,1,1,1,1,1,1,1,1,1,1,1,1,1,1,1,1,1,1,1,1,1,1,1,1,1,1,1],
rec(version:=2,
date:="07.09.22"));

MBT("O8-(3)",3,
"origin: computed from weight multiplicities by Frank Luebeck.",
[1,1,1,1,1,1,1,1,1,1,1,1,1,1,1,1,1,1,1,1,1,1,1,1,1,1,1,1,1,1,1,1,1,1,1,1,1,1,1
,1,1,1,1,1,2],
[12,0],
[[1,2,3,5,7,8,9,11,12,13,15,17,20,22,23,24,27,29,31,34,40,43,45,55,56,57,58,60
,77,79,80,81,82,83,89,90,91,92,93,94,95,96,97,111]],
[],
[[[1,0,0,0,0,0,0,0,0,0,0,0,0,0,0,0,0,0,0,0,0,0,0,0,0,0,0,0,0,0,0,0,0,0,0,0,0,0
,0,0,0,0,0,0],[0,0,0,0,1,0,-1,0,0,-1,0,0,1,0,0,-1,0,0,0,-2,0,0,0,0,0,0,0,0,0,1
,0,0,0,0,-1,-1,0,0,0,0,0,0,0,1],[-1,4,0,-2,0,-4,-6,4,4,4,-2,0,-2,2,-1,1,0,0,2,
-1,0,4,1,-4,-4,0,0,-2,0,0,0,1,0,1,1,1,0,0,0,0,1,1,0,-2],[-1,4,0,-2,1,-3,-5,3,4
,4,-1,1,-2,1,-1,2,0,0,3,-1,0,4,1,-4,-4,0,-1,-2,0,0,0,1,1,1,1,0,0,0,0,0,1,0,0,-
1],[1,0,0,-1,0,-1,-1,1,0,0,-1,-1,0,1,0,-1,0,0,-1,0,0,0,0,0,0,0,1,0,0,0,0,0,-1,
0,0,1,0,0,0,0,0,1,0,-1],[3,1,2,1,0,3,3,-2,1,-4,2,0,1,2,1,-2,0,3,-2,3,2,0,-1,-1
,-1,0,0,1,-1,0,0,1,0,1,1,1,0,0,-1,-1,1,1,0,-2],[-1,-1,1,0,2,0,-2,0,0,-2,0,0,2,
0,0,-2,0,0,0,-4,0,0,0,0,0,0,0,0,0,2,0,0,0,0,-2,-2,0,0,0,0,0,0,0,2],[-10,5,-3,-
5,1,-11,-16,11,4,16,-7,-1,-5,-1,-4,7,-1,-6,7,-9,-4,7,4,-5,-5,-2,-2,-6,2,-1,-1,
-1,0,-1,-1,-1,1,1,2,2,0,0,0,3],[-3,0,-2,-1,-2,-3,-1,2,-1,6,-2,0,-3,-2,-1,4,0,-
3,2,1,-2,0,1,1,1,0,0,-1,1,-2,0,-1,0,-1,1,1,0,0,1,1,-1,-1,0,0],[-11,9,-2,-4,2,-
12,-21,12,9,21,-6,1,-11,-1,-5,12,-1,-4,14,-8,-3,12,5,-9,-10,-3,-3,-8,1,-1,-2,0
,1,1,-1,-1,1,1,1,2,1,0,1,3],[-2,-2,0,0,1,-2,-4,2,-1,2,-1,-1,0,-1,0,0,-1,-2,1,-
4,-1,0,1,1,2,0,0,0,1,1,0,0,-1,-1,-2,-2,0,0,1,0,-1,0,-1,3],[6,-2,4,1,0,8,10,-6,
-2,-12,3,-2,5,2,2,-6,0,7,-7,7,4,-4,-3,2,2,1,1,3,-1,0,0,1,0,1,2,2,0,0,-2,-2,1,1
,0,-4],[10,-9,3,8,-3,15,24,-15,-8,-18,9,1,5,-1,5,-6,1,6,-9,14,4,-11,-5,9,9,2,2
,8,-2,-1,1,0,0,0,2,2,-1,-1,-2,-2,-1,-1,0,-3],[-3,5,-1,-3,0,-5,-7,4,4,5,-3,1,-1
,1,-2,2,1,-1,3,-3,-1,4,1,-4,-5,0,-1,-3,0,0,0,0,1,1,1,0,0,0,0,1,1,0,1,-1],[6,-6
,1,1,-1,5,10,-6,-6,-14,2,-1,10,1,3,-10,1,1,-10,1,1,-8,-3,6,7,2,3,5,0,2,2,0,-1,
-1,-1,0,-1,-1,0,-1,-1,0,-1,-1],[-7,-3,-4,-2,2,-5,-8,4,-2,6,-4,0,0,-4,-2,2,0,-6
,4,-10,-4,0,2,2,2,0,0,-2,2,2,0,-2,0,-2,-4,-4,0,0,2,2,-2,-2,0,6],[-4,6,-1,-5,2,
-6,-9,6,5,8,-4,1,-3,0,-3,4,0,-1,6,-3,-1,6,2,-5,-6,0,-1,-4,1,0,0,1,2,1,1,0,0,0,
0,1,1,-1,0,-1],[0,-2,-1,-3,0,-2,-1,2,-3,0,-4,-3,1,0,-1,-2,0,-1,-2,-1,-1,-2,0,2
,3,1,2,0,1,0,0,-1,-2,-1,0,1,0,0,1,0,-1,1,0,-1],[14,-2,8,3,-3,13,19,-12,-2,-24,
6,-2,10,6,5,-13,2,13,-14,15,8,-8,-7,3,3,3,3,7,-3,0,2,3,0,3,5,5,-1,-1,-4,-4,2,2
,0,-10],[5,-10,-2,6,-4,9,18,-11,-10,-8,5,1,3,-5,3,-1,1,0,-5,8,0,-11,-3,11,11,1
,1,6,0,-2,1,-2,0,-2,0,0,-1,-1,0,0,-3,-3,0,2],[-25,11,-7,-8,4,-27,-41,25,11,41,
-15,0,-17,-5,-10,21,-2,-16,24,-24,-10,18,10,-12,-12,-5,-5,-14,4,-1,-2,-2,0,-2,
-5,-5,2,2,5,5,-1,-1,0,11],[6,-6,-2,6,-4,10,20,-10,-8,-5,7,2,-2,-4,3,3,0,-1,-3,
12,0,-8,-2,8,8,0,0,5,-1,-4,0,-2,0,-2,2,2,0,0,0,0,-2,-2,0,0],[3,-2,0,4,-2,6,11,
-7,-2,-6,5,3,3,-1,2,-1,1,1,-3,5,1,-4,-2,3,2,0,-1,3,-1,-1,1,0,2,0,1,0,-1,0,-1,0
,0,-2,0,0],[7,-10,0,6,-4,10,19,-11,-10,-14,5,-1,7,-1,4,-7,1,1,-11,7,1,-12,-4,
10,11,1,2,7,-1,-1,1,-2,-2,-2,0,1,0,-1,0,-1,-2,0,0,0],[30,-2,6,13,-8,26,42,-24,
-2,-27,20,4,-1,8,10,-8,1,18,-14,41,12,-8,-7,4,4,4,4,12,-6,-5,0,5,0,5,12,12,-2,
-2,-6,-6,3,3,0,-19],[-10,6,-6,-2,-2,-10,-12,9,4,20,-5,2,-11,-3,-4,13,0,-8,11,-
5,-5,7,4,-4,-6,-2,-3,-6,1,-3,-1,-2,1,-1,0,0,1,1,2,3,0,-2,1,3],[-1,-5,-4,2,-3,0
,5,-1,-6,1,0,0,0,-3,1,1,0,-6,-2,-1,-3,-5,0,5,7,0,1,2,1,-1,1,-2,-1,-3,-1,-1,0,0
,2,1,-3,-1,-1,3],[31,-21,8,13,-6,38,59,-37,-20,-58,20,0,25,2,13,-28,4,19,-32,
29,12,-30,-15,22,22,7,7,21,-5,2,4,1,0,1,4,4,-3,-3,-6,-6,-1,-1,0,-10],[21,-10,5
,11,-3,25,37,-23,-10,-35,16,1,14,4,9,-17,1,12,-20,19,8,-15,-8,10,10,3,3,12,-4,
1,1,1,0,1,3,3,-1,-1,-4,-4,1,1,0,-7],[-10,0,-11,2,-4,-8,-4,6,-2,26,-1,4,-16,-8,
-3,19,-2,-14,13,0,-8,4,6,1,1,-3,-3,-4,2,-6,-2,-4,0,-4,0,0,1,1,4,4,-3,-3,0,6],[
-1,-8,-4,7,-4,7,15,-9,-9,-3,5,3,-1,-6,2,3,0,-4,-1,5,-2,-8,-1,9,9,0,0,4,0,-2,0,
-3,0,-3,-1,-1,0,0,1,1,-3,-3,0,4],[1,1,0,-4,0,3,4,-2,-1,-9,-1,-1,9,2,0,-7,2,3,-
8,-2,1,-3,-2,0,-1,0,0,0,-1,1,0,-1,1,0,1,0,0,1,-1,0,1,1,2,-2],[17,-17,4,3,-1,21
,34,-20,-17,-43,9,-3,29,2,9,-28,2,7,-30,5,5,-23,-9,17,18,5,5,14,-1,5,4,-1,-1,-
2,-2,-1,-1,-2,-2,-3,-1,-1,-2,-2],[-23,-3,-10,0,5,-16,-28,14,0,33,-7,4,-15,-12,
-6,19,-2,-19,23,-27,-12,8,9,0,0,-5,-5,-8,4,2,-2,-5,0,-5,-12,-12,1,1,6,6,-5,-5,
0,22],[-1,11,4,-3,3,-6,-14,8,11,8,-1,0,-6,6,-1,3,-2,3,5,-1,2,12,3,-12,-12,-2,-
2,-5,-1,0,-2,3,0,3,2,2,1,1,-1,-1,4,4,0,-4],[-1,3,-3,-1,-1,-4,-2,3,1,6,-1,1,-2,
1,-1,2,0,-4,1,-2,-2,2,1,-2,-3,-1,-1,-2,0,-1,0,0,0,-1,0,1,1,0,1,1,1,0,0,0],[-1,
3,-3,-1,-1,-4,-2,3,1,6,-1,1,-2,1,-1,2,0,-4,1,-2,-2,2,1,-3,-2,-1,-1,-2,0,-1,0,-
1,0,0,1,0,0,1,1,1,0,1,0,0],[-4,-7,-4,-5,-4,-1,5,-1,-10,-5,-6,-3,9,-5,-1,-4,2,-
6,-8,-5,-4,-11,-3,9,9,1,1,2,2,-1,3,-4,0,-4,-1,-1,0,0,2,2,-3,-3,0,3],[6,-7,4,3,
1,9,11,-8,-6,-15,4,-1,7,-1,3,-8,0,5,-6,4,3,-7,-4,7,6,3,2,5,0,2,1,1,0,0,-1,-1,-
2,0,-2,-1,-1,-1,-1,0],[-1,0,2,0,1,1,-2,0,0,0,-1,-1,-2,-1,-1,1,0,3,3,1,1,1,-1,-
1,0,0,1,-1,0,0,-1,0,0,1,0,0,1,-1,0,-1,0,0,1,0],[31,5,12,6,-9,19,34,-18,4,-32,
12,-3,9,16,8,-17,2,26,-24,40,17,-6,-10,-3,-3,4,4,10,-6,-6,2,8,0,8,17,17,-2,-2,
-8,-8,7,7,0,-28],[-28,26,-5,-14,6,-37,-62,39,25,60,-20,-2,-33,1,-13,30,-5,-12,
35,-20,-8,36,15,-27,-27,-6,-6,-22,4,-3,-5,2,0,2,0,0,3,3,4,4,3,3,0,3],[-21,2,-
14,-1,4,-23,-31,18,3,40,-6,6,-15,-10,-6,20,-2,-25,22,-27,-14,12,11,-4,-4,-6,-6
,-9,4,0,-2,-5,0,-5,-10,-10,1,1,7,7,-4,-4,0,20],[-46,4,-4,-13,10,-35,-63,33,7,
40,-25,-2,-7,-14,-12,19,-2,-26,28,-57,-16,14,10,-7,-7,-7,-7,-16,6,8,0,-6,0,-6,
-19,-19,3,3,8,8,-5,-5,0,31]]],
0,
[(22,23)(30,31)(32,33)(34,35)(36,37)(38,39)(40,41)(42,44)(43,45)],
0,
rec(version:=1,
date:="23.07.2018"));

MBT("O8-(3)",41,
TEXT1,
[1,2,3,4,5,6,7,1,8,9,10,11,12,13,14,15,16,17,18,19,20,21,22,23,24,25,26,27,28,
29,30,31,32,33,34,35,36,37,38,1,39,40,41,42,43,44,45,46,47,48,49,50,51,52,53,
54,55,56,57,58,59,60,61,62,63,64,65,66,67,68,69,70,71,72,73,74,75,76,77,78,79,
80,81,82,83,84,85,86,1,87,88,89,90,91,92,93,94,95,96,97,98,99],
[1,0,0,0,0,0,0,0,0,0,0,0,0,0,0,0,0,0,0,0,0,0,0,0,0,0,0,0,0,0,0,0,0,0,0,0,0,0,
0,0,0,0,0,0,0,0,0,0,0,0,0,0,0,0,0,0,0,0,0,0,0,0,0,0,0,0,0,0,0,0,0,0,0,0,0,0,0,
0,0,0,0,0,0,0,0,0,0,0,0,0,0,0,0,0,0,0,0,0,0],
[],
[[[1,2],[2,3],[3,14],[4,5,6,7,8,9,10,11,12,13,14]]],
[],
0,
[( 87, 88),( 71, 72)( 79, 80)( 89, 90)( 95, 96)(101,102),(  6,  7)(  8,  9)
( 22, 23)( 24, 25)( 26, 27)( 28, 29)( 32, 33)( 34, 35)( 36, 37)( 42, 43)
( 44, 45)( 46, 47)( 52, 53)( 55, 56)( 60, 61)( 62, 63)( 64, 65)( 73, 74)
( 75, 76)( 77, 78)( 83, 84)( 91, 92)( 93, 94),( 97, 99)( 98,100),( 68, 69)
( 85, 86)( 97, 98, 99,100)],
0,
rec(version:=1,
date:="30.12.92"));

MBT("O8-(3)",5,
TEXT1,
[1,2,3,4,5,6,7,8,9,9,1,8,3,4,6,5,8,1,10,11,11,12,7,13,14,15,9,9,16,16,17,18,
19,20,21,22,1,23,24,25,3,4,5,6,4,3,10,11,11,26,2,13,7,27,28,29,7,16,16,30,31,
32,33,19,34,35,36,37,38,39,40,41,6,5,42,43,44,45,46,47,48,49,50,51,23,8,52,53,
54,55,56,57],
[1,1,1,1,1,1,1,1,1,1,1,0,1,0,0,1,0,0,1,0,0,0,1,0,0,0,0,0,0,0,0,0,0,0,0,0,0,0,
0,0,0,0,0,0,0,0,0,0,0,0,0,0,0,0,0,0,0],
[],
[[[1,2],[2,4],[3,5],[4,5]],[[1,4],[2,3,4]],[[1,2],[2,3],[3,5],[4,5]],3,[[1,
3],[2,4],[3,5],[4,5]],5,3,5,5,2,5,,2,,,5,,,2,,,,2],
[],
0,
[(89,91)(90,92),(75,76),(64,65)(73,74)(89,90,91,92),( 6, 7)( 8, 9)(21,22)
(23,24)(25,26)(27,28)(31,32)(33,34)(35,36)(41,42)(43,44)(45,46)(48,49)(51,52)
(56,57)(58,59)(60,61)(67,68)(69,70)(71,72)(77,78),(79,80)(81,82)(83,84)(85,86)
(87,88),(79,81,83,85,87)(80,82,84,86,88)],
0,
rec(version:=1,
date:="30.12.92"));

MBT("O8-(3)",7,
TEXT1,
[1,1,2,3,4,4,5,6,7,8,9,10,11,12,13,14,1,1,15,16,17,18,19,20,21,22,23,24,25,26,
27,28,29,4,4,30,31,32,33,34,35,36,37,38,39,40,41,42,43,44,18,45,46,47,1,48,49,
50,51,52,53,54,55,56,57,58,59,60,61,62,63,64,65,66,4,4,67,68,69,70,71,72,73,
74,75,76,77,78,79,80,81,82,83,84,85,86,87,88,89,90,91,92,1,93,94,95,18,96],
[1,0,0,1,0,0,0,0,0,0,0,0,0,0,0,0,0,1,0,0,0,0,0,0,0,0,0,0,0,0,0,0,0,0,0,0,0,0,
0,0,0,0,0,0,0,0,0,0,0,0,0,0,0,0,0,0,0,0,0,0,0,0,0,0,0,0,0,0,0,0,0,0,0,0,0,0,0,
0,0,0,0,0,0,0,0,0,0,0,0,0,0,0,0,0,0,0],
[],
[[[1,4],[2,3],[3,6],[4,5],[5,7],[6,7]],,,[[1,3],[2,4],[3,5],[4,6],[5,7],[6,
7]],,,,,,,,,,,,,,[[1,3],[2,4,5],[3,4,5]]],
[],
0,
[(103,105)(104,106),( 69, 70)( 77, 78)( 85, 86)( 91, 92)(107,108),( 67, 68)
( 83, 84)(103,104,105,106),(  6,  7)(  8,  9)( 22, 23)( 24, 25)( 26, 27)
( 28, 29)( 32, 33)( 34, 35)( 36, 37)( 41, 42)( 43, 44)( 45, 46)( 51, 52)
( 54, 55)( 59, 60)( 61, 62)( 63, 64)( 71, 72)( 73, 74)( 75, 76)( 81, 82)
( 87, 88)( 89, 90),( 93, 94)( 95, 96)( 97, 98)( 99,100)(101,102),
( 93, 95, 97, 99,101)( 94, 96, 98,100,102)],
0,
rec(version:=1,
date:="30.12.92"));

MBT("O8-(3).2_1",2,
TEXT1,
[1,1,1,1,1,1,1,1,1,1,1,1,2,2,2,2,1,1,3,4,5,6,7,8,9,10],
[11,7,3,3,0,0,0,0,0,3],
[[1,3,5,7,17,19,21,23,39,41,81,83,102,104],[75,93,95,97],[141],[143],,,,,,[181
]],
[],
[[[1,0,0,0,0,0,0,0,0,0,0,0,0,0],[0,1,0,0,0,0,0,0,0,0,0,0,0,0],[-1,0,1,0,0,0,0,
0,0,0,0,0,0,0],[-1,0,0,1,0,0,0,0,0,0,0,0,0,0],[1,-1,-2,0,1,0,0,0,0,0,0,0,0,0],
[1,-1,0,-2,0,1,0,0,0,0,0,0,0,0],[1,0,-1,-1,0,0,0,1,0,0,0,0,0,0],[-1,0,0,0,0,0,
1,0,0,0,0,0,0,0],[0,0,0,0,0,0,0,0,1,0,0,0,0,0],[0,0,0,0,0,0,0,0,0,1,0,0,0,0],[
-1,1,3,1,-1,0,-1,-1,0,0,1,0,0,0],[-1,1,1,3,0,-1,-1,-1,0,0,0,1,0,0],[0,0,0,0,0,
0,0,0,-1,0,0,0,1,0],[0,0,0,0,0,0,0,0,0,-1,0,0,0,1]],[[1,0,0,0],[0,1,0,0],[0,0,
1,0],[0,0,0,1]],[[1]],3,,,,,,3],
0,
[(17,18),(3,4)(5,6)(11,12)(13,14)(15,16)(20,21),(22,23,24,25,26)],
0);

MBT("O8-(3).2_2",2,
TEXT1,
[1,1,1,1,1,1,1,1,2,2,2,2,1,3,4,5,6,7,8,9,10,11,12,13,14,15],
[11,7,3,3,1,1,1,1,1,1,1,1,1,1,3],
[[1,3,5,11,12,14,24,48,60],[42,51,52,54],[90],[92],,,,,,,,,,,[148]],
[,,,,[[1,2]],5,5,5,5,5,5,5,5,5],
[[[1,0,0,0,0,0,0,0,0],[0,1,0,0,0,0,0,0,0],[-2,0,1,0,0,0,0,0,0],[2,-2,-2,1,0,0,
0,0,0],[1,0,-1,0,0,1,0,0,0],[-1,0,0,0,1,0,0,0,0],[0,0,0,0,0,0,1,0,0],[-2,2,4,-
1,-2,-2,0,1,0],[0,0,0,0,0,0,-1,0,1]],[[1,0,0,0],[0,1,0,0],[0,0,1,0],[0,0,0,1]]
,[[1]],3,,,,,,,,,,,3],
0,
[(14,15),(12,13),(17,18)(19,20)(21,22)(23,24)(25,26),(17,19,21,23,25)(18,20,22
,24,26)],
0);

MBT("O8-(3).2_3",2,
TEXT1,
[1,1,1,1,1,1,1,1,2,2,2,1,3,4,5,6,7,8,9,10],
[11,7,3,3,0,0,0,0,0,3],
[[1,3,5,11,12,14,24,48,57],[42,51,52],[78],[80],,,,,,[112]],
[],
[[[1,0,0,0,0,0,0,0,0],[0,1,0,0,0,0,0,0,0],[-2,0,1,0,0,0,0,0,0],[2,-2,-2,1,0,0,
0,0,0],[1,0,-1,0,0,1,0,0,0],[-1,0,0,0,1,0,0,0,0],[0,0,0,0,0,0,1,0,0],[-2,2,4,-
1,-2,-2,0,1,0],[0,0,0,0,0,0,-1,0,1]],[[1,0,0],[0,1,0],[0,0,1]],[[1]],3,,,,,,3]
,
0,
[(12,13),(16,17,18,19,20)],
0);

MBT("O8-(3).2^2",2,
TEXT1,
[1,1,1,1,1,1,1,1,2,2,2,1,3,4,5,6,7,8,9,10],
[12,8,4,4,1,1,1,1,1,4],
[[1,5,9,18,20,24,44,77,92],[68,83,85],[125],[129],,,,,,[175]],
[,,,,[[1,2]],5,5,5,5],
[[[1,0,0,0,0,0,0,0,0],[0,1,0,0,0,0,0,0,0],[-2,0,1,0,0,0,0,0,0],[2,-2,-2,1,0,0,
0,0,0],[1,0,-1,0,0,1,0,0,0],[-1,0,0,0,1,0,0,0,0],[0,0,0,0,0,0,1,0,0],[-2,2,4,-
1,-2,-2,0,1,0],[0,0,0,0,0,0,-1,0,1]],[[1,0,0],[0,1,0],[0,0,1]],[[1]],3,,,,,,3]
,
0,
[(12,13),(16,17,18,19,20)],
0);

LIBTABLE.LOADSTATUS.ctborth3:="userloaded";

#############################################################################
##
#E

